table_name,state_code,distt_code,area_name,population_type,age_group,total_persons,total_males,total_females,illiterate_persons,illiterate_males,illiterate_females,literate_persons,literate_males,literate_females
C2308,00,000,INDIA,Total,All ages,1210854977,623270258,587584719,447216165,188506636,258709529,763638812,434763622,328875190
C2308,00,000,INDIA,Total,0-6,164515253,85752254,78762999,164515253,85752254,78762999,0,0,0
C2308,00,000,INDIA,Total,7,24826640,12903364,11923276,6748214,3388683,3359531,18078426,9514681,8563745
C2308,00,000,INDIA,Total,8,26968373,14061937,12906436,4131414,2013742,2117672,22836959,12048195,10788764
C2308,00,000,INDIA,Total,9,23424638,12214985,11209653,2491904,1198339,1293565,20932734,11016646,9916088
C2308,00,000,INDIA,Total,10,30552107,16089436,14462671,3454505,1661124,1793381,27097602,14428312,12669290
C2308,00,000,INDIA,Total,11,24740946,12962604,11778342,1988473,929328,1059145,22752473,12033276,10719197
C2308,00,000,INDIA,Total,12,27877307,14637892,13239415,2391529,1087320,1304209,25485778,13550572,11935206
C2308,00,000,INDIA,Total,13,24280683,12563775,11716908,1810476,790923,1019553,22470207,11772852,10697355
C2308,00,000,INDIA,Total,14,25258169,13165128,12093041,2100785,920460,1180325,23157384,12244668,10912716
C2308,00,000,INDIA,Total,15,25899454,13739746,12159708,2599957,1176626,1423331,23299497,12563120,10736377
C2308,00,000,INDIA,Total,16,24592293,13027935,11564358,2512487,1110878,1401609,22079806,11917057,10162749
C2308,00,000,INDIA,Total,17,21217467,11349449,9868018,2038455,880041,1158414,19179012,10469408,8709604
C2308,00,000,INDIA,Total,18,27958147,15020851,12937296,3727975,1532188,2195787,24230172,13488663,10741509
C2308,00,000,INDIA,Total,19,20859088,10844415,10014673,2578674,935454,1643220,18280414,9908961,8371453
C2308,00,000,INDIA,Total,20-24,111424222,57584693,53839529,18679492,6467026,12212466,92744730,51117667,41627063
C2308,00,000,INDIA,Total,25-29,101413965,51344208,50069757,22634440,7562339,15072101,78779525,43781869,34997656
C2308,00,000,INDIA,Total,30-34,88594951,44660674,43934277,24329560,8030750,16298810,64265391,36629924,27635467
C2308,00,000,INDIA,Total,35-39,85140684,42919381,42221303,27863127,9338968,18524159,57277557,33580413,23697144
C2308,00,000,INDIA,Total,40-44,72438112,37545386,34892726,26806872,9655032,17151840,45631240,27890354,17740886
C2308,00,000,INDIA,Total,45-49,62318327,32138114,30180213,25077763,9015516,16062247,37240564,23122598,14117966
C2308,00,000,INDIA,Total,50-54,49069254,25843266,23225988,20822208,7801013,13021195,28247046,18042253,10204793
C2308,00,000,INDIA,Total,55-59,39146055,19456012,19690043,17682081,5705728,11976353,21463974,13750284,7713690
C2308,00,000,INDIA,Total,60-64,37663707,18701749,18961958,19989439,7024725,12964714,17674268,11677024,5997244
C2308,00,000,INDIA,Total,65-69,26454983,12944326,13510657,14829607,5145133,9684474,11625376,7799193,3826183
C2308,00,000,INDIA,Total,70-74,19208842,9651499,9557343,11568624,4369752,7198872,7640218,5281747,2358471
C2308,00,000,INDIA,Total,75-79,9232503,4490603,4741900,5361192,1890685,3470507,3871311,2599918,1271393
C2308,00,000,INDIA,Total,80+,11289005,5283695,6005310,6890447,2456492,4433955,4398558,2827203,1571355
C2308,00,000,INDIA,Total,Age not stated,4489802,2372881,2116921,1591212,666117,925095,2898590,1706764,1191826
C2308,00,000,INDIA,Rural,All ages,833748852,427781058,405967794,350955017,146419684,204535333,482793835,281361374,201432461
C2308,00,000,INDIA,Rural,0-6,121322865,63084449,58238416,121322865,63084449,58238416,0,0,0
C2308,00,000,INDIA,Rural,7,18149844,9399767,8750077,5295256,2642438,2652818,12854588,6757329,6097259
C2308,00,000,INDIA,Rural,8,20206981,10497018,9709963,3339350,1613098,1726252,16867631,8883920,7983711
C2308,00,000,INDIA,Rural,9,17114582,8880402,8234180,1967000,932962,1034038,15147582,7947440,7200142
C2308,00,000,INDIA,Rural,10,22687766,11899758,10788008,2745021,1299553,1445468,19942745,10600205,9342540
C2308,00,000,INDIA,Rural,11,17851313,9319598,8531715,1553637,710896,842741,16297676,8608702,7688974
C2308,00,000,INDIA,Rural,12,20589319,10781450,9807869,1914468,847445,1067023,18674851,9934005,8740846
C2308,00,000,INDIA,Rural,13,17490173,9024384,8465789,1426662,604308,822354,16063511,8420076,7643435
C2308,00,000,INDIA,Rural,14,18185923,9462968,8722955,1657852,704596,953256,16528071,8758372,7769699
C2308,00,000,INDIA,Rural,15,18593646,9873668,8719978,2074111,915000,1159111,16519535,8958668,7560867
C2308,00,000,INDIA,Rural,16,17433799,9253785,8180014,1993626,854089,1139537,15440173,8399696,7040477
C2308,00,000,INDIA,Rural,17,14448773,7754277,6694496,1584027,654330,929697,12864746,7099947,5764799
C2308,00,000,INDIA,Rural,18,19559614,10518623,9040991,2984146,1166342,1817804,16575468,9352281,7223187
C2308,00,000,INDIA,Rural,19,13866640,7170204,6696436,2041132,691050,1350082,11825508,6479154,5346354
C2308,00,000,INDIA,Rural,20-24,73835046,38138662,35696384,15077525,4963696,10113829,58757521,33174966,25582555
C2308,00,000,INDIA,Rural,25-29,66068270,33375989,32692281,18441149,5987783,12453366,47627121,27388206,20238915
C2308,00,000,INDIA,Rural,30-34,57911779,28934192,28977587,19943020,6464972,13478048,37968759,22469220,15499539
C2308,00,000,INDIA,Rural,35-39,56062707,28125561,27937146,22680010,7558902,15121108,33382697,20566659,12816038
C2308,00,000,INDIA,Rural,40-44,47581008,24565235,23015773,21789586,7868267,13921319,25791422,16696968,9094454
C2308,00,000,INDIA,Rural,45-49,40688228,20864270,19823958,20311063,7370966,12940097,20377165,13493304,6883861
C2308,00,000,INDIA,Rural,50-54,32031788,16789547,15242241,16907830,6445133,10462697,15123958,10344414,4779544
C2308,00,000,INDIA,Rural,55-59,25861514,12536529,13324985,14485919,4739716,9746203,11375595,7796813,3578782
C2308,00,000,INDIA,Rural,60-64,26291245,12931592,13359653,16517851,5952423,10565428,9773394,6979169,2794225
C2308,00,000,INDIA,Rural,65-69,18916270,9208311,9707959,12332550,4418883,7913667,6583720,4789428,1794292
C2308,00,000,INDIA,Rural,70-74,13807600,6978179,6829421,9543195,3758529,5784666,4264405,3219650,1044755
C2308,00,000,INDIA,Rural,75-79,6383717,3113424,3270293,4353384,1609876,2743508,2030333,1503548,526785
C2308,00,000,INDIA,Rural,80+,7894990,3765796,4129194,5489140,2071534,3417606,2405850,1694262,711588
C2308,00,000,INDIA,Rural,Age not stated,2913452,1533420,1380032,1183642,488448,695194,1729810,1044972,684838
C2308,00,000,INDIA,Urban,All ages,377106125,195489200,181616925,96261148,42086952,54174196,280844977,153402248,127442729
C2308,00,000,INDIA,Urban,0-6,43192388,22667805,20524583,43192388,22667805,20524583,0,0,0
C2308,00,000,INDIA,Urban,7,6676796,3503597,3173199,1452958,746245,706713,5223838,2757352,2466486
C2308,00,000,INDIA,Urban,8,6761392,3564919,3196473,792064,400644,391420,5969328,3164275,2805053
C2308,00,000,INDIA,Urban,9,6310056,3334583,2975473,524904,265377,259527,5785152,3069206,2715946
C2308,00,000,INDIA,Urban,10,7864341,4189678,3674663,709484,361571,347913,7154857,3828107,3326750
C2308,00,000,INDIA,Urban,11,6889633,3643006,3246627,434836,218432,216404,6454797,3424574,3030223
C2308,00,000,INDIA,Urban,12,7287988,3856442,3431546,477061,239875,237186,6810927,3616567,3194360
C2308,00,000,INDIA,Urban,13,6790510,3539391,3251119,383814,186615,197199,6406696,3352776,3053920
C2308,00,000,INDIA,Urban,14,7072246,3702160,3370086,442933,215864,227069,6629313,3486296,3143017
C2308,00,000,INDIA,Urban,15,7305808,3866078,3439730,525846,261626,264220,6779962,3604452,3175510
C2308,00,000,INDIA,Urban,16,7158494,3774150,3384344,518861,256789,262072,6639633,3517361,3122272
C2308,00,000,INDIA,Urban,17,6768694,3595172,3173522,454428,225711,228717,6314266,3369461,2944805
C2308,00,000,INDIA,Urban,18,8398533,4502228,3896305,743829,365846,377983,7654704,4136382,3518322
C2308,00,000,INDIA,Urban,19,6992448,3674211,3318237,537542,244404,293138,6454906,3429807,3025099
C2308,00,000,INDIA,Urban,20-24,37589176,19446031,18143145,3601967,1503330,2098637,33987209,17942701,16044508
C2308,00,000,INDIA,Urban,25-29,35345695,17968219,17377476,4193291,1574556,2618735,31152404,16393663,14758741
C2308,00,000,INDIA,Urban,30-34,30683172,15726482,14956690,4386540,1565778,2820762,26296632,14160704,12135928
C2308,00,000,INDIA,Urban,35-39,29077977,14793820,14284157,5183117,1780066,3403051,23894860,13013754,10881106
C2308,00,000,INDIA,Urban,40-44,24857104,12980151,11876953,5017286,1786765,3230521,19839818,11193386,8646432
C2308,00,000,INDIA,Urban,45-49,21630099,11273844,10356255,4766700,1644550,3122150,16863399,9629294,7234105
C2308,00,000,INDIA,Urban,50-54,17037466,9053719,7983747,3914378,1355880,2558498,13123088,7697839,5425249
C2308,00,000,INDIA,Urban,55-59,13284541,6919483,6365058,3196162,966012,2230150,10088379,5953471,4134908
C2308,00,000,INDIA,Urban,60-64,11372462,5770157,5602305,3471588,1072302,2399286,7900874,4697855,3203019
C2308,00,000,INDIA,Urban,65-69,7538713,3736015,3802698,2497057,726250,1770807,5041656,3009765,2031891
C2308,00,000,INDIA,Urban,70-74,5401242,2673320,2727922,2025429,611223,1414206,3375813,2062097,1313716
C2308,00,000,INDIA,Urban,75-79,2848786,1377179,1471607,1007808,280809,726999,1840978,1096370,744608
C2308,00,000,INDIA,Urban,80+,3394015,1517899,1876116,1401307,384958,1016349,1992708,1132941,859767
C2308,00,000,INDIA,Urban,Age not stated,1576350,839461,736889,407570,177669,229901,1168780,661792,506988
C2308,01,000,State - JAMMU & KASHMIR,Total,All ages,12541302,6640662,5900640,5474069,2375991,3098078,7067233,4264671,2802562
C2308,01,000,State - JAMMU & KASHMIR,Total,0-6,2018905,1084355,934550,2018905,1084355,934550,0,0,0
C2308,01,000,State - JAMMU & KASHMIR,Total,7,270538,142123,128415,91361,45646,45715,179177,96477,82700
C2308,01,000,State - JAMMU & KASHMIR,Total,8,285314,150470,134844,59762,28675,31087,225552,121795,103757
C2308,01,000,State - JAMMU & KASHMIR,Total,9,252100,133371,118729,38753,18136,20617,213347,115235,98112
C2308,01,000,State - JAMMU & KASHMIR,Total,10,314283,166773,147510,52112,24445,27667,262171,142328,119843
C2308,01,000,State - JAMMU & KASHMIR,Total,11,282049,149261,132788,34140,15096,19044,247909,134165,113744
C2308,01,000,State - JAMMU & KASHMIR,Total,12,289798,152365,137433,32002,12876,19126,257796,139489,118307
C2308,01,000,State - JAMMU & KASHMIR,Total,13,261079,136728,124351,25759,9823,15936,235320,126905,108415
C2308,01,000,State - JAMMU & KASHMIR,Total,14,266644,139728,126916,26780,9706,17074,239864,130022,109842
C2308,01,000,State - JAMMU & KASHMIR,Total,15,270992,140502,130490,32536,11447,21089,238456,129055,109401
C2308,01,000,State - JAMMU & KASHMIR,Total,16,263041,136077,126964,32564,10834,21730,230477,125243,105234
C2308,01,000,State - JAMMU & KASHMIR,Total,17,221619,115421,106198,26748,8943,17805,194871,106478,88393
C2308,01,000,State - JAMMU & KASHMIR,Total,18,276216,141830,134386,44924,14734,30190,231292,127096,104196
C2308,01,000,State - JAMMU & KASHMIR,Total,19,205594,106532,99062,30530,9453,21077,175064,97079,77985
C2308,01,000,State - JAMMU & KASHMIR,Total,20-24,1160913,603578,557335,236770,74478,162292,924143,529100,395043
C2308,01,000,State - JAMMU & KASHMIR,Total,25-29,1086122,584559,501563,288543,91443,197100,797579,493116,304463
C2308,01,000,State - JAMMU & KASHMIR,Total,30-34,926903,495746,431157,306329,99864,206465,620574,395882,224692
C2308,01,000,State - JAMMU & KASHMIR,Total,35-39,837945,441265,396680,334354,111560,222794,503591,329705,173886
C2308,01,000,State - JAMMU & KASHMIR,Total,40-44,714085,387739,326346,329222,121203,208019,384863,266536,118327
C2308,01,000,State - JAMMU & KASHMIR,Total,45-49,590790,311560,279230,302284,110010,192274,288506,201550,86956
C2308,01,000,State - JAMMU & KASHMIR,Total,50-54,468566,255599,212967,258639,103650,154989,209927,151949,57978
C2308,01,000,State - JAMMU & KASHMIR,Total,55-59,340031,172753,167278,198533,69481,129052,141498,103272,38226
C2308,01,000,State - JAMMU & KASHMIR,Total,60-64,322726,173427,149299,215827,91666,124161,106899,81761,25138
C2308,01,000,State - JAMMU & KASHMIR,Total,65-69,203965,102743,101222,143660,56652,87008,60305,46091,14214
C2308,01,000,State - JAMMU & KASHMIR,Total,70-74,184019,97472,86547,143086,65465,77621,40933,32007,8926
C2308,01,000,State - JAMMU & KASHMIR,Total,75-79,85076,43094,41982,65613,28154,37459,19463,14940,4523
C2308,01,000,State - JAMMU & KASHMIR,Total,80+,126870,65844,61026,99121,45534,53587,27749,20310,7439
C2308,01,000,State - JAMMU & KASHMIR,Total,Age not stated,15119,9747,5372,5212,2662,2550,9907,7085,2822
C2308,01,000,State - JAMMU & KASHMIR,Rural,All ages,9108060,4774477,4333583,4360110,1882728,2477382,4747950,2891749,1856201
C2308,01,000,State - JAMMU & KASHMIR,Rural,0-6,1593008,854141,738867,1593008,854141,738867,0,0,0
C2308,01,000,State - JAMMU & KASHMIR,Rural,7,211924,111149,100775,76025,37793,38232,135899,73356,62543
C2308,01,000,State - JAMMU & KASHMIR,Rural,8,223830,117665,106165,50309,23949,26360,173521,93716,79805
C2308,01,000,State - JAMMU & KASHMIR,Rural,9,195583,102930,92653,32247,14797,17450,163336,88133,75203
C2308,01,000,State - JAMMU & KASHMIR,Rural,10,244857,129213,115644,43350,20001,23349,201507,109212,92295
C2308,01,000,State - JAMMU & KASHMIR,Rural,11,220044,115820,104224,28579,12356,16223,191465,103464,88001
C2308,01,000,State - JAMMU & KASHMIR,Rural,12,226066,118391,107675,26979,10469,16510,199087,107922,91165
C2308,01,000,State - JAMMU & KASHMIR,Rural,13,202068,105405,96663,21785,7983,13802,180283,97422,82861
C2308,01,000,State - JAMMU & KASHMIR,Rural,14,204201,106682,97519,22412,7740,14672,181789,98942,82847
C2308,01,000,State - JAMMU & KASHMIR,Rural,15,207140,106785,100355,27512,9120,18392,179628,97665,81963
C2308,01,000,State - JAMMU & KASHMIR,Rural,16,199394,102617,96777,27651,8689,18962,171743,93928,77815
C2308,01,000,State - JAMMU & KASHMIR,Rural,17,164377,85481,78896,22380,7027,15353,141997,78454,63543
C2308,01,000,State - JAMMU & KASHMIR,Rural,18,205879,105200,100679,38087,11790,26297,167792,93410,74382
C2308,01,000,State - JAMMU & KASHMIR,Rural,19,149318,77015,72303,25462,7386,18076,123856,69629,54227
C2308,01,000,State - JAMMU & KASHMIR,Rural,20-24,827361,423292,404069,197423,59389,138034,629938,363903,266035
C2308,01,000,State - JAMMU & KASHMIR,Rural,25-29,738568,385544,353024,236150,72743,163407,502418,312801,189617
C2308,01,000,State - JAMMU & KASHMIR,Rural,30-34,636137,333062,303075,247765,79317,168448,388372,253745,134627
C2308,01,000,State - JAMMU & KASHMIR,Rural,35-39,568825,294268,274557,264090,86738,177352,304735,207530,97205
C2308,01,000,State - JAMMU & KASHMIR,Rural,40-44,483222,256988,226234,260175,94929,165246,223047,162059,60988
C2308,01,000,State - JAMMU & KASHMIR,Rural,45-49,395959,205036,190923,237511,86146,151365,158448,118890,39558
C2308,01,000,State - JAMMU & KASHMIR,Rural,50-54,319992,173804,146188,204741,82496,122245,115251,91308,23943
C2308,01,000,State - JAMMU & KASHMIR,Rural,55-59,227495,114641,112854,153380,54480,98900,74115,60161,13954
C2308,01,000,State - JAMMU & KASHMIR,Rural,60-64,226005,121240,104765,169038,73350,95688,56967,47890,9077
C2308,01,000,State - JAMMU & KASHMIR,Rural,65-69,140720,70780,69940,110045,44806,65239,30675,25974,4701
C2308,01,000,State - JAMMU & KASHMIR,Rural,70-74,132084,70777,61307,111093,52813,58280,20991,17964,3027
C2308,01,000,State - JAMMU & KASHMIR,Rural,75-79,58918,29980,28938,49776,22280,27496,9142,7700,1442
C2308,01,000,State - JAMMU & KASHMIR,Rural,80+,94242,49712,44530,79064,37929,41135,15178,11783,3395
C2308,01,000,State - JAMMU & KASHMIR,Rural,Age not stated,10843,6859,3984,4073,2071,2002,6770,4788,1982
C2308,01,000,State - JAMMU & KASHMIR,Urban,All ages,3433242,1866185,1567057,1113959,493263,620696,2319283,1372922,946361
C2308,01,000,State - JAMMU & KASHMIR,Urban,0-6,425897,230214,195683,425897,230214,195683,0,0,0
C2308,01,000,State - JAMMU & KASHMIR,Urban,7,58614,30974,27640,15336,7853,7483,43278,23121,20157
C2308,01,000,State - JAMMU & KASHMIR,Urban,8,61484,32805,28679,9453,4726,4727,52031,28079,23952
C2308,01,000,State - JAMMU & KASHMIR,Urban,9,56517,30441,26076,6506,3339,3167,50011,27102,22909
C2308,01,000,State - JAMMU & KASHMIR,Urban,10,69426,37560,31866,8762,4444,4318,60664,33116,27548
C2308,01,000,State - JAMMU & KASHMIR,Urban,11,62005,33441,28564,5561,2740,2821,56444,30701,25743
C2308,01,000,State - JAMMU & KASHMIR,Urban,12,63732,33974,29758,5023,2407,2616,58709,31567,27142
C2308,01,000,State - JAMMU & KASHMIR,Urban,13,59011,31323,27688,3974,1840,2134,55037,29483,25554
C2308,01,000,State - JAMMU & KASHMIR,Urban,14,62443,33046,29397,4368,1966,2402,58075,31080,26995
C2308,01,000,State - JAMMU & KASHMIR,Urban,15,63852,33717,30135,5024,2327,2697,58828,31390,27438
C2308,01,000,State - JAMMU & KASHMIR,Urban,16,63647,33460,30187,4913,2145,2768,58734,31315,27419
C2308,01,000,State - JAMMU & KASHMIR,Urban,17,57242,29940,27302,4368,1916,2452,52874,28024,24850
C2308,01,000,State - JAMMU & KASHMIR,Urban,18,70337,36630,33707,6837,2944,3893,63500,33686,29814
C2308,01,000,State - JAMMU & KASHMIR,Urban,19,56276,29517,26759,5068,2067,3001,51208,27450,23758
C2308,01,000,State - JAMMU & KASHMIR,Urban,20-24,333552,180286,153266,39347,15089,24258,294205,165197,129008
C2308,01,000,State - JAMMU & KASHMIR,Urban,25-29,347554,199015,148539,52393,18700,33693,295161,180315,114846
C2308,01,000,State - JAMMU & KASHMIR,Urban,30-34,290766,162684,128082,58564,20547,38017,232202,142137,90065
C2308,01,000,State - JAMMU & KASHMIR,Urban,35-39,269120,146997,122123,70264,24822,45442,198856,122175,76681
C2308,01,000,State - JAMMU & KASHMIR,Urban,40-44,230863,130751,100112,69047,26274,42773,161816,104477,57339
C2308,01,000,State - JAMMU & KASHMIR,Urban,45-49,194831,106524,88307,64773,23864,40909,130058,82660,47398
C2308,01,000,State - JAMMU & KASHMIR,Urban,50-54,148574,81795,66779,53898,21154,32744,94676,60641,34035
C2308,01,000,State - JAMMU & KASHMIR,Urban,55-59,112536,58112,54424,45153,15001,30152,67383,43111,24272
C2308,01,000,State - JAMMU & KASHMIR,Urban,60-64,96721,52187,44534,46789,18316,28473,49932,33871,16061
C2308,01,000,State - JAMMU & KASHMIR,Urban,65-69,63245,31963,31282,33615,11846,21769,29630,20117,9513
C2308,01,000,State - JAMMU & KASHMIR,Urban,70-74,51935,26695,25240,31993,12652,19341,19942,14043,5899
C2308,01,000,State - JAMMU & KASHMIR,Urban,75-79,26158,13114,13044,15837,5874,9963,10321,7240,3081
C2308,01,000,State - JAMMU & KASHMIR,Urban,80+,32628,16132,16496,20057,7605,12452,12571,8527,4044
C2308,01,000,State - JAMMU & KASHMIR,Urban,Age not stated,4276,2888,1388,1139,591,548,3137,2297,840
C2308,02,000,State - HIMACHAL PRADESH,Total,All ages,6864602,3481873,3382729,1824866,729283,1095583,5039736,2752590,2287146
C2308,02,000,State - HIMACHAL PRADESH,Total,0-6,777898,407459,370439,777898,407459,370439,0,0,0
C2308,02,000,State - HIMACHAL PRADESH,Total,7,122039,63842,58197,19485,10007,9478,102554,53835,48719
C2308,02,000,State - HIMACHAL PRADESH,Total,8,117124,61593,55531,6140,2983,3157,110984,58610,52374
C2308,02,000,State - HIMACHAL PRADESH,Total,9,119100,63574,55526,4563,2289,2274,114537,61285,53252
C2308,02,000,State - HIMACHAL PRADESH,Total,10,134596,71647,62949,6175,3127,3048,128421,68520,59901
C2308,02,000,State - HIMACHAL PRADESH,Total,11,127447,67693,59754,3658,1781,1877,123789,65912,57877
C2308,02,000,State - HIMACHAL PRADESH,Total,12,125830,66799,59031,2750,1278,1472,123080,65521,57559
C2308,02,000,State - HIMACHAL PRADESH,Total,13,124125,65336,58789,2508,1143,1365,121617,64193,57424
C2308,02,000,State - HIMACHAL PRADESH,Total,14,127226,66765,60461,2669,1239,1430,124557,65526,59031
C2308,02,000,State - HIMACHAL PRADESH,Total,15,127378,67225,60153,3264,1550,1714,124114,65675,58439
C2308,02,000,State - HIMACHAL PRADESH,Total,16,126410,66658,59752,3032,1495,1537,123378,65163,58215
C2308,02,000,State - HIMACHAL PRADESH,Total,17,124585,65721,58864,2869,1386,1483,121716,64335,57381
C2308,02,000,State - HIMACHAL PRADESH,Total,18,136759,72265,64494,4513,2212,2301,132246,70053,62193
C2308,02,000,State - HIMACHAL PRADESH,Total,19,125329,64860,60469,3873,1759,2114,121456,63101,58355
C2308,02,000,State - HIMACHAL PRADESH,Total,20-24,643866,323720,320146,28529,11258,17271,615337,312462,302875
C2308,02,000,State - HIMACHAL PRADESH,Total,25-29,589160,290125,299035,40021,13333,26688,549139,276792,272347
C2308,02,000,State - HIMACHAL PRADESH,Total,30-34,546357,271253,275104,51795,15364,36431,494562,255889,238673
C2308,02,000,State - HIMACHAL PRADESH,Total,35-39,517966,258230,259736,72406,19713,52693,445560,238517,207043
C2308,02,000,State - HIMACHAL PRADESH,Total,40-44,445560,222269,223291,90138,23893,66245,355422,198376,157046
C2308,02,000,State - HIMACHAL PRADESH,Total,45-49,395128,197642,197486,99623,27313,72310,295505,170329,125176
C2308,02,000,State - HIMACHAL PRADESH,Total,50-54,330687,165724,164963,99297,26490,72807,231390,139234,92156
C2308,02,000,State - HIMACHAL PRADESH,Total,55-59,266860,135245,131615,91548,23733,67815,175312,111512,63800
C2308,02,000,State - HIMACHAL PRADESH,Total,60-64,231372,115464,115908,107143,29883,77260,124229,85581,38648
C2308,02,000,State - HIMACHAL PRADESH,Total,65-69,158607,78387,80220,84556,24623,59933,74051,53764,20287
C2308,02,000,State - HIMACHAL PRADESH,Total,70-74,130587,62119,68468,82500,26159,56341,48087,35960,12127
C2308,02,000,State - HIMACHAL PRADESH,Total,75-79,75706,36440,39266,50810,17460,33350,24896,18980,5916
C2308,02,000,State - HIMACHAL PRADESH,Total,80+,106737,48465,58272,80159,29017,51142,26578,19448,7130
C2308,02,000,State - HIMACHAL PRADESH,Total,Age not stated,10163,5353,4810,2944,1336,1608,7219,4017,3202
C2308,02,000,State - HIMACHAL PRADESH,Rural,All ages,6176050,3110345,3065705,1704314,672524,1031790,4471736,2437821,2033915
C2308,02,000,State - HIMACHAL PRADESH,Rural,0-6,712822,372854,339968,712822,372854,339968,0,0,0
C2308,02,000,State - HIMACHAL PRADESH,Rural,7,111185,58014,53171,17698,9081,8617,93487,48933,44554
C2308,02,000,State - HIMACHAL PRADESH,Rural,8,106293,55716,50577,5540,2682,2858,100753,53034,47719
C2308,02,000,State - HIMACHAL PRADESH,Rural,9,108190,57600,50590,4093,2039,2054,104097,55561,48536
C2308,02,000,State - HIMACHAL PRADESH,Rural,10,122334,64852,57482,5524,2771,2753,116810,62081,54729
C2308,02,000,State - HIMACHAL PRADESH,Rural,11,115507,61000,54507,3253,1571,1682,112254,59429,52825
C2308,02,000,State - HIMACHAL PRADESH,Rural,12,114237,60324,53913,2414,1099,1315,111823,59225,52598
C2308,02,000,State - HIMACHAL PRADESH,Rural,13,112678,59005,53673,2207,992,1215,110471,58013,52458
C2308,02,000,State - HIMACHAL PRADESH,Rural,14,115509,60319,55190,2363,1085,1278,113146,59234,53912
C2308,02,000,State - HIMACHAL PRADESH,Rural,15,115114,60443,54671,2840,1325,1515,112274,59118,53156
C2308,02,000,State - HIMACHAL PRADESH,Rural,16,114081,59746,54335,2621,1248,1373,111460,58498,52962
C2308,02,000,State - HIMACHAL PRADESH,Rural,17,112339,59015,53324,2538,1173,1365,109801,57842,51959
C2308,02,000,State - HIMACHAL PRADESH,Rural,18,122520,64005,58515,3870,1790,2080,118650,62215,56435
C2308,02,000,State - HIMACHAL PRADESH,Rural,19,111937,57345,54592,3334,1416,1918,108603,55929,52674
C2308,02,000,State - HIMACHAL PRADESH,Rural,20-24,573439,285167,288272,24885,9331,15554,548554,275836,272718
C2308,02,000,State - HIMACHAL PRADESH,Rural,25-29,523605,255016,268589,35904,11407,24497,487701,243609,244092
C2308,02,000,State - HIMACHAL PRADESH,Rural,30-34,485375,239272,246103,47578,13550,34028,437797,225722,212075
C2308,02,000,State - HIMACHAL PRADESH,Rural,35-39,459275,227906,231369,67510,17684,49826,391765,210222,181543
C2308,02,000,State - HIMACHAL PRADESH,Rural,40-44,394635,195137,199498,85234,21940,63294,309401,173197,136204
C2308,02,000,State - HIMACHAL PRADESH,Rural,45-49,350793,173489,177304,94833,25491,69342,255960,147998,107962
C2308,02,000,State - HIMACHAL PRADESH,Rural,50-54,295411,145792,149619,95204,25000,70204,200207,120792,79415
C2308,02,000,State - HIMACHAL PRADESH,Rural,55-59,240093,119998,120095,88098,22614,65484,151995,97384,54611
C2308,02,000,State - HIMACHAL PRADESH,Rural,60-64,212263,105331,106932,103477,28787,74690,108786,76544,32242
C2308,02,000,State - HIMACHAL PRADESH,Rural,65-69,146096,71950,74146,81753,23846,57907,64343,48104,16239
C2308,02,000,State - HIMACHAL PRADESH,Rural,70-74,120932,57250,63682,79621,25348,54273,41311,31902,9409
C2308,02,000,State - HIMACHAL PRADESH,Rural,75-79,69958,33561,36397,48919,16935,31984,21039,16626,4413
C2308,02,000,State - HIMACHAL PRADESH,Rural,80+,100043,45339,54704,77356,28192,49164,22687,17147,5540
C2308,02,000,State - HIMACHAL PRADESH,Rural,Age not stated,9386,4899,4487,2825,1273,1552,6561,3626,2935
C2308,02,000,State - HIMACHAL PRADESH,Urban,All ages,688552,371528,317024,120552,56759,63793,568000,314769,253231
C2308,02,000,State - HIMACHAL PRADESH,Urban,0-6,65076,34605,30471,65076,34605,30471,0,0,0
C2308,02,000,State - HIMACHAL PRADESH,Urban,7,10854,5828,5026,1787,926,861,9067,4902,4165
C2308,02,000,State - HIMACHAL PRADESH,Urban,8,10831,5877,4954,600,301,299,10231,5576,4655
C2308,02,000,State - HIMACHAL PRADESH,Urban,9,10910,5974,4936,470,250,220,10440,5724,4716
C2308,02,000,State - HIMACHAL PRADESH,Urban,10,12262,6795,5467,651,356,295,11611,6439,5172
C2308,02,000,State - HIMACHAL PRADESH,Urban,11,11940,6693,5247,405,210,195,11535,6483,5052
C2308,02,000,State - HIMACHAL PRADESH,Urban,12,11593,6475,5118,336,179,157,11257,6296,4961
C2308,02,000,State - HIMACHAL PRADESH,Urban,13,11447,6331,5116,301,151,150,11146,6180,4966
C2308,02,000,State - HIMACHAL PRADESH,Urban,14,11717,6446,5271,306,154,152,11411,6292,5119
C2308,02,000,State - HIMACHAL PRADESH,Urban,15,12264,6782,5482,424,225,199,11840,6557,5283
C2308,02,000,State - HIMACHAL PRADESH,Urban,16,12329,6912,5417,411,247,164,11918,6665,5253
C2308,02,000,State - HIMACHAL PRADESH,Urban,17,12246,6706,5540,331,213,118,11915,6493,5422
C2308,02,000,State - HIMACHAL PRADESH,Urban,18,14239,8260,5979,643,422,221,13596,7838,5758
C2308,02,000,State - HIMACHAL PRADESH,Urban,19,13392,7515,5877,539,343,196,12853,7172,5681
C2308,02,000,State - HIMACHAL PRADESH,Urban,20-24,70427,38553,31874,3644,1927,1717,66783,36626,30157
C2308,02,000,State - HIMACHAL PRADESH,Urban,25-29,65555,35109,30446,4117,1926,2191,61438,33183,28255
C2308,02,000,State - HIMACHAL PRADESH,Urban,30-34,60982,31981,29001,4217,1814,2403,56765,30167,26598
C2308,02,000,State - HIMACHAL PRADESH,Urban,35-39,58691,30324,28367,4896,2029,2867,53795,28295,25500
C2308,02,000,State - HIMACHAL PRADESH,Urban,40-44,50925,27132,23793,4904,1953,2951,46021,25179,20842
C2308,02,000,State - HIMACHAL PRADESH,Urban,45-49,44335,24153,20182,4790,1822,2968,39545,22331,17214
C2308,02,000,State - HIMACHAL PRADESH,Urban,50-54,35276,19932,15344,4093,1490,2603,31183,18442,12741
C2308,02,000,State - HIMACHAL PRADESH,Urban,55-59,26767,15247,11520,3450,1119,2331,23317,14128,9189
C2308,02,000,State - HIMACHAL PRADESH,Urban,60-64,19109,10133,8976,3666,1096,2570,15443,9037,6406
C2308,02,000,State - HIMACHAL PRADESH,Urban,65-69,12511,6437,6074,2803,777,2026,9708,5660,4048
C2308,02,000,State - HIMACHAL PRADESH,Urban,70-74,9655,4869,4786,2879,811,2068,6776,4058,2718
C2308,02,000,State - HIMACHAL PRADESH,Urban,75-79,5748,2879,2869,1891,525,1366,3857,2354,1503
C2308,02,000,State - HIMACHAL PRADESH,Urban,80+,6694,3126,3568,2803,825,1978,3891,2301,1590
C2308,02,000,State - HIMACHAL PRADESH,Urban,Age not stated,777,454,323,119,63,56,658,391,267
C2308,03,000,State - PUNJAB,Total,All ages,27743338,14639465,13103873,9036201,4203409,4832792,18707137,10436056,8271081
C2308,03,000,State - PUNJAB,Total,0-6,3076219,1665994,1410225,3076219,1665994,1410225,0,0,0
C2308,03,000,State - PUNJAB,Total,7,483280,262427,220853,108413,57896,50517,374867,204531,170336
C2308,03,000,State - PUNJAB,Total,8,479447,263834,215613,56985,30352,26633,422462,233482,188980
C2308,03,000,State - PUNJAB,Total,9,462602,259383,203219,38855,20650,18205,423747,238733,185014
C2308,03,000,State - PUNJAB,Total,10,537024,303757,233267,48054,25701,22353,488970,278056,210914
C2308,03,000,State - PUNJAB,Total,11,488177,274903,213274,31502,16704,14798,456675,258199,198476
C2308,03,000,State - PUNJAB,Total,12,516955,289167,227788,35130,18591,16539,481825,270576,211249
C2308,03,000,State - PUNJAB,Total,13,510841,283488,227353,31961,16436,15525,478880,267052,211828
C2308,03,000,State - PUNJAB,Total,14,530405,294215,236190,36153,18874,17279,494252,275341,218911
C2308,03,000,State - PUNJAB,Total,15,555725,309954,245771,46593,25232,21361,509132,284722,224410
C2308,03,000,State - PUNJAB,Total,16,562167,311992,250175,45976,24869,21107,516191,287123,229068
C2308,03,000,State - PUNJAB,Total,17,536919,299464,237455,41034,22766,18268,495885,276698,219187
C2308,03,000,State - PUNJAB,Total,18,631613,355581,276032,63835,35720,28115,567778,319861,247917
C2308,03,000,State - PUNJAB,Total,19,531259,293189,238070,46254,24513,21741,485005,268676,216329
C2308,03,000,State - PUNJAB,Total,20-24,2776636,1465531,1311105,329468,157025,172443,2447168,1308506,1138662
C2308,03,000,State - PUNJAB,Total,25-29,2463861,1270405,1193456,395051,170004,225047,2068810,1100401,968409
C2308,03,000,State - PUNJAB,Total,30-34,2116539,1082533,1034006,454782,186023,268759,1661757,896510,765247
C2308,03,000,State - PUNJAB,Total,35-39,1989071,1010862,978209,533847,218607,315240,1455224,792255,662969
C2308,03,000,State - PUNJAB,Total,40-44,1788469,909208,879261,555457,229473,325984,1233012,679735,553277
C2308,03,000,State - PUNJAB,Total,45-49,1587771,818135,769636,532311,218686,313625,1055460,599449,456011
C2308,03,000,State - PUNJAB,Total,50-54,1254464,663664,590800,455628,195681,259947,798836,467983,330853
C2308,03,000,State - PUNJAB,Total,55-59,956555,485845,470710,367339,133327,234012,589216,352518,236698
C2308,03,000,State - PUNJAB,Total,60-64,996590,482483,514107,510911,187337,323574,485679,295146,190533
C2308,03,000,State - PUNJAB,Total,65-69,719588,372806,346782,410531,166420,244111,309057,206386,102671
C2308,03,000,State - PUNJAB,Total,70-74,513472,272120,241352,328965,145177,183788,184507,126943,57564
C2308,03,000,State - PUNJAB,Total,75-79,256666,130203,126463,169117,70230,98887,87549,59973,27576
C2308,03,000,State - PUNJAB,Total,80+,379501,186050,193451,272302,114766,157536,107199,71284,35915
C2308,03,000,State - PUNJAB,Total,Age not stated,41522,22272,19250,13528,6355,7173,27994,15917,12077
C2308,03,000,State - PUNJAB,Rural,All ages,17344192,9093476,8250716,6346535,2934669,3411866,10997657,6158807,4838850
C2308,03,000,State - PUNJAB,Rural,0-6,1945502,1055297,890205,1945502,1055297,890205,0,0,0
C2308,03,000,State - PUNJAB,Rural,7,308113,167169,140944,70336,37752,32584,237777,129417,108360
C2308,03,000,State - PUNJAB,Rural,8,307651,169036,138615,35637,19141,16496,272014,149895,122119
C2308,03,000,State - PUNJAB,Rural,9,297125,166387,130738,23713,12699,11014,273412,153688,119724
C2308,03,000,State - PUNJAB,Rural,10,341230,192450,148780,28773,15266,13507,312457,177184,135273
C2308,03,000,State - PUNJAB,Rural,11,313362,176351,137011,19275,10222,9053,294087,166129,127958
C2308,03,000,State - PUNJAB,Rural,12,335091,187214,147877,21518,11241,10277,313573,175973,137600
C2308,03,000,State - PUNJAB,Rural,13,332939,183924,149015,20159,10231,9928,312780,173693,139087
C2308,03,000,State - PUNJAB,Rural,14,346206,191427,154779,23453,12082,11371,322753,179345,143408
C2308,03,000,State - PUNJAB,Rural,15,361212,200124,161088,30017,15854,14163,331195,184270,146925
C2308,03,000,State - PUNJAB,Rural,16,367557,202731,164826,30177,15977,14200,337380,186754,150626
C2308,03,000,State - PUNJAB,Rural,17,347961,192977,154984,27037,14738,12299,320924,178239,142685
C2308,03,000,State - PUNJAB,Rural,18,404442,225644,178798,41555,22604,18951,362887,203040,159847
C2308,03,000,State - PUNJAB,Rural,19,333255,182355,150900,30194,15802,14392,303061,166553,136508
C2308,03,000,State - PUNJAB,Rural,20-24,1706833,888739,818094,220918,103744,117174,1485915,784995,700920
C2308,03,000,State - PUNJAB,Rural,25-29,1455456,738196,717260,269625,114914,154711,1185831,623282,562549
C2308,03,000,State - PUNJAB,Rural,30-34,1263506,636268,627238,323509,131677,191832,939997,504591,435406
C2308,03,000,State - PUNJAB,Rural,35-39,1202842,604249,598593,386850,158173,228677,815992,446076,369916
C2308,03,000,State - PUNJAB,Rural,40-44,1102644,555906,546738,410781,169949,240832,691863,385957,305906
C2308,03,000,State - PUNJAB,Rural,45-49,964942,495583,469359,395557,162919,232638,569385,332664,236721
C2308,03,000,State - PUNJAB,Rural,50-54,749857,397863,351994,343196,149040,194156,406661,248823,157838
C2308,03,000,State - PUNJAB,Rural,55-59,569146,283796,285350,281668,103387,178281,287478,180409,107069
C2308,03,000,State - PUNJAB,Rural,60-64,654729,309825,344904,408199,151757,256442,246530,158068,88462
C2308,03,000,State - PUNJAB,Rural,65-69,496111,257824,238287,333106,139910,193196,163005,117914,45091
C2308,03,000,State - PUNJAB,Rural,70-74,356117,191121,164996,262602,120897,141705,93515,70224,23291
C2308,03,000,State - PUNJAB,Rural,75-79,175972,89364,86608,134761,58706,76055,41211,30658,10553
C2308,03,000,State - PUNJAB,Rural,80+,274781,135823,138958,218199,95943,122256,56582,39880,16702
C2308,03,000,State - PUNJAB,Rural,Age not stated,29610,15833,13777,10218,4747,5471,19392,11086,8306
C2308,03,000,State - PUNJAB,Urban,All ages,10399146,5545989,4853157,2689666,1268740,1420926,7709480,4277249,3432231
C2308,03,000,State - PUNJAB,Urban,0-6,1130717,610697,520020,1130717,610697,520020,0,0,0
C2308,03,000,State - PUNJAB,Urban,7,175167,95258,79909,38077,20144,17933,137090,75114,61976
C2308,03,000,State - PUNJAB,Urban,8,171796,94798,76998,21348,11211,10137,150448,83587,66861
C2308,03,000,State - PUNJAB,Urban,9,165477,92996,72481,15142,7951,7191,150335,85045,65290
C2308,03,000,State - PUNJAB,Urban,10,195794,111307,84487,19281,10435,8846,176513,100872,75641
C2308,03,000,State - PUNJAB,Urban,11,174815,98552,76263,12227,6482,5745,162588,92070,70518
C2308,03,000,State - PUNJAB,Urban,12,181864,101953,79911,13612,7350,6262,168252,94603,73649
C2308,03,000,State - PUNJAB,Urban,13,177902,99564,78338,11802,6205,5597,166100,93359,72741
C2308,03,000,State - PUNJAB,Urban,14,184199,102788,81411,12700,6792,5908,171499,95996,75503
C2308,03,000,State - PUNJAB,Urban,15,194513,109830,84683,16576,9378,7198,177937,100452,77485
C2308,03,000,State - PUNJAB,Urban,16,194610,109261,85349,15799,8892,6907,178811,100369,78442
C2308,03,000,State - PUNJAB,Urban,17,188958,106487,82471,13997,8028,5969,174961,98459,76502
C2308,03,000,State - PUNJAB,Urban,18,227171,129937,97234,22280,13116,9164,204891,116821,88070
C2308,03,000,State - PUNJAB,Urban,19,198004,110834,87170,16060,8711,7349,181944,102123,79821
C2308,03,000,State - PUNJAB,Urban,20-24,1069803,576792,493011,108550,53281,55269,961253,523511,437742
C2308,03,000,State - PUNJAB,Urban,25-29,1008405,532209,476196,125426,55090,70336,882979,477119,405860
C2308,03,000,State - PUNJAB,Urban,30-34,853033,446265,406768,131273,54346,76927,721760,391919,329841
C2308,03,000,State - PUNJAB,Urban,35-39,786229,406613,379616,146997,60434,86563,639232,346179,293053
C2308,03,000,State - PUNJAB,Urban,40-44,685825,353302,332523,144676,59524,85152,541149,293778,247371
C2308,03,000,State - PUNJAB,Urban,45-49,622829,322552,300277,136754,55767,80987,486075,266785,219290
C2308,03,000,State - PUNJAB,Urban,50-54,504607,265801,238806,112432,46641,65791,392175,219160,173015
C2308,03,000,State - PUNJAB,Urban,55-59,387409,202049,185360,85671,29940,55731,301738,172109,129629
C2308,03,000,State - PUNJAB,Urban,60-64,341861,172658,169203,102712,35580,67132,239149,137078,102071
C2308,03,000,State - PUNJAB,Urban,65-69,223477,114982,108495,77425,26510,50915,146052,88472,57580
C2308,03,000,State - PUNJAB,Urban,70-74,157355,80999,76356,66363,24280,42083,90992,56719,34273
C2308,03,000,State - PUNJAB,Urban,75-79,80694,40839,39855,34356,11524,22832,46338,29315,17023
C2308,03,000,State - PUNJAB,Urban,80+,104720,50227,54493,54103,18823,35280,50617,31404,19213
C2308,03,000,State - PUNJAB,Urban,Age not stated,11912,6439,5473,3310,1608,1702,8602,4831,3771
C2308,04,000,State - CHANDIGARH,Total,All ages,1055450,580663,474787,250012,115317,134695,805438,465346,340092
C2308,04,000,State - CHANDIGARH,Total,0-6,119434,63536,55898,119434,63536,55898,0,0,0
C2308,04,000,State - CHANDIGARH,Total,7,18624,9987,8637,3172,1649,1523,15452,8338,7114
C2308,04,000,State - CHANDIGARH,Total,8,17271,9413,7858,1395,738,657,15876,8675,7201
C2308,04,000,State - CHANDIGARH,Total,9,17719,9666,8053,1397,692,705,16322,8974,7348
C2308,04,000,State - CHANDIGARH,Total,10,20360,11410,8950,1565,794,771,18795,10616,8179
C2308,04,000,State - CHANDIGARH,Total,11,18296,10180,8116,949,465,484,17347,9715,7632
C2308,04,000,State - CHANDIGARH,Total,12,18673,10461,8212,884,447,437,17789,10014,7775
C2308,04,000,State - CHANDIGARH,Total,13,17752,9846,7906,804,382,422,16948,9464,7484
C2308,04,000,State - CHANDIGARH,Total,14,18383,10243,8140,836,413,423,17547,9830,7717
C2308,04,000,State - CHANDIGARH,Total,15,18938,10603,8335,1188,629,559,17750,9974,7776
C2308,04,000,State - CHANDIGARH,Total,16,19554,11116,8438,1209,660,549,18345,10456,7889
C2308,04,000,State - CHANDIGARH,Total,17,19116,11139,7977,1145,653,492,17971,10486,7485
C2308,04,000,State - CHANDIGARH,Total,18,24660,14792,9868,1911,1166,745,22749,13626,9123
C2308,04,000,State - CHANDIGARH,Total,19,22150,12871,9279,1471,841,630,20679,12030,8649
C2308,04,000,State - CHANDIGARH,Total,20-24,121244,68467,52777,10428,4812,5616,110816,63655,47161
C2308,04,000,State - CHANDIGARH,Total,25-29,110237,60694,49543,13357,5184,8173,96880,55510,41370
C2308,04,000,State - CHANDIGARH,Total,30-34,90803,49625,41178,14055,5102,8953,76748,44523,32225
C2308,04,000,State - CHANDIGARH,Total,35-39,83672,45566,38106,16102,6078,10024,67570,39488,28082
C2308,04,000,State - CHANDIGARH,Total,40-44,68921,37268,31653,14095,5215,8880,54826,32053,22773
C2308,04,000,State - CHANDIGARH,Total,45-49,60352,32893,27459,12422,4778,7644,47930,28115,19815
C2308,04,000,State - CHANDIGARH,Total,50-54,46942,26108,20834,8933,3430,5503,38009,22678,15331
C2308,04,000,State - CHANDIGARH,Total,55-59,34925,19745,15180,6157,2150,4007,28768,17595,11173
C2308,04,000,State - CHANDIGARH,Total,60-64,25801,13530,12271,6397,2162,4235,19404,11368,8036
C2308,04,000,State - CHANDIGARH,Total,65-69,15839,8250,7589,3816,1244,2572,12023,7006,5017
C2308,04,000,State - CHANDIGARH,Total,70-74,11385,5998,5387,2941,991,1950,8444,5007,3437
C2308,04,000,State - CHANDIGARH,Total,75-79,6422,3255,3167,1470,397,1073,4952,2858,2094
C2308,04,000,State - CHANDIGARH,Total,80+,7631,3800,3831,2392,673,1719,5239,3127,2112
C2308,04,000,State - CHANDIGARH,Total,Age not stated,346,201,145,87,36,51,259,165,94
C2308,04,000,State - CHANDIGARH,Rural,All ages,28991,17150,11841,9030,4398,4632,19961,12752,7209
C2308,04,000,State - CHANDIGARH,Rural,0-6,4270,2282,1988,4270,2282,1988,0,0,0
C2308,04,000,State - CHANDIGARH,Rural,7,596,332,264,141,81,60,455,251,204
C2308,04,000,State - CHANDIGARH,Rural,8,555,298,257,56,29,27,499,269,230
C2308,04,000,State - CHANDIGARH,Rural,9,521,271,250,53,25,28,468,246,222
C2308,04,000,State - CHANDIGARH,Rural,10,615,350,265,64,30,34,551,320,231
C2308,04,000,State - CHANDIGARH,Rural,11,547,302,245,40,17,23,507,285,222
C2308,04,000,State - CHANDIGARH,Rural,12,499,299,200,32,15,17,467,284,183
C2308,04,000,State - CHANDIGARH,Rural,13,427,232,195,27,13,14,400,219,181
C2308,04,000,State - CHANDIGARH,Rural,14,449,238,211,34,13,21,415,225,190
C2308,04,000,State - CHANDIGARH,Rural,15,512,302,210,46,24,22,466,278,188
C2308,04,000,State - CHANDIGARH,Rural,16,505,324,181,55,34,21,450,290,160
C2308,04,000,State - CHANDIGARH,Rural,17,461,284,177,42,26,16,419,258,161
C2308,04,000,State - CHANDIGARH,Rural,18,691,486,205,86,63,23,605,423,182
C2308,04,000,State - CHANDIGARH,Rural,19,596,391,205,73,42,31,523,349,174
C2308,04,000,State - CHANDIGARH,Rural,20-24,3593,2255,1338,499,262,237,3094,1993,1101
C2308,04,000,State - CHANDIGARH,Rural,25-29,3806,2260,1546,644,279,365,3162,1981,1181
C2308,04,000,State - CHANDIGARH,Rural,30-34,3101,1902,1199,593,236,357,2508,1666,842
C2308,04,000,State - CHANDIGARH,Rural,35-39,2321,1455,866,550,244,306,1771,1211,560
C2308,04,000,State - CHANDIGARH,Rural,40-44,1547,947,600,412,168,244,1135,779,356
C2308,04,000,State - CHANDIGARH,Rural,45-49,1049,638,411,315,139,176,734,499,235
C2308,04,000,State - CHANDIGARH,Rural,50-54,723,415,308,238,94,144,485,321,164
C2308,04,000,State - CHANDIGARH,Rural,55-59,503,272,231,173,52,121,330,220,110
C2308,04,000,State - CHANDIGARH,Rural,60-64,481,277,204,230,91,139,251,186,65
C2308,04,000,State - CHANDIGARH,Rural,65-69,255,140,115,139,53,86,116,87,29
C2308,04,000,State - CHANDIGARH,Rural,70-74,181,96,85,100,37,63,81,59,22
C2308,04,000,State - CHANDIGARH,Rural,75-79,75,43,32,44,17,27,31,26,5
C2308,04,000,State - CHANDIGARH,Rural,80+,106,55,51,72,31,41,34,24,10
C2308,04,000,State - CHANDIGARH,Rural,Age not stated,6,4,2,2,1,1,4,3,1
C2308,04,000,State - CHANDIGARH,Urban,All ages,1026459,563513,462946,240982,110919,130063,785477,452594,332883
C2308,04,000,State - CHANDIGARH,Urban,0-6,115164,61254,53910,115164,61254,53910,0,0,0
C2308,04,000,State - CHANDIGARH,Urban,7,18028,9655,8373,3031,1568,1463,14997,8087,6910
C2308,04,000,State - CHANDIGARH,Urban,8,16716,9115,7601,1339,709,630,15377,8406,6971
C2308,04,000,State - CHANDIGARH,Urban,9,17198,9395,7803,1344,667,677,15854,8728,7126
C2308,04,000,State - CHANDIGARH,Urban,10,19745,11060,8685,1501,764,737,18244,10296,7948
C2308,04,000,State - CHANDIGARH,Urban,11,17749,9878,7871,909,448,461,16840,9430,7410
C2308,04,000,State - CHANDIGARH,Urban,12,18174,10162,8012,852,432,420,17322,9730,7592
C2308,04,000,State - CHANDIGARH,Urban,13,17325,9614,7711,777,369,408,16548,9245,7303
C2308,04,000,State - CHANDIGARH,Urban,14,17934,10005,7929,802,400,402,17132,9605,7527
C2308,04,000,State - CHANDIGARH,Urban,15,18426,10301,8125,1142,605,537,17284,9696,7588
C2308,04,000,State - CHANDIGARH,Urban,16,19049,10792,8257,1154,626,528,17895,10166,7729
C2308,04,000,State - CHANDIGARH,Urban,17,18655,10855,7800,1103,627,476,17552,10228,7324
C2308,04,000,State - CHANDIGARH,Urban,18,23969,14306,9663,1825,1103,722,22144,13203,8941
C2308,04,000,State - CHANDIGARH,Urban,19,21554,12480,9074,1398,799,599,20156,11681,8475
C2308,04,000,State - CHANDIGARH,Urban,20-24,117651,66212,51439,9929,4550,5379,107722,61662,46060
C2308,04,000,State - CHANDIGARH,Urban,25-29,106431,58434,47997,12713,4905,7808,93718,53529,40189
C2308,04,000,State - CHANDIGARH,Urban,30-34,87702,47723,39979,13462,4866,8596,74240,42857,31383
C2308,04,000,State - CHANDIGARH,Urban,35-39,81351,44111,37240,15552,5834,9718,65799,38277,27522
C2308,04,000,State - CHANDIGARH,Urban,40-44,67374,36321,31053,13683,5047,8636,53691,31274,22417
C2308,04,000,State - CHANDIGARH,Urban,45-49,59303,32255,27048,12107,4639,7468,47196,27616,19580
C2308,04,000,State - CHANDIGARH,Urban,50-54,46219,25693,20526,8695,3336,5359,37524,22357,15167
C2308,04,000,State - CHANDIGARH,Urban,55-59,34422,19473,14949,5984,2098,3886,28438,17375,11063
C2308,04,000,State - CHANDIGARH,Urban,60-64,25320,13253,12067,6167,2071,4096,19153,11182,7971
C2308,04,000,State - CHANDIGARH,Urban,65-69,15584,8110,7474,3677,1191,2486,11907,6919,4988
C2308,04,000,State - CHANDIGARH,Urban,70-74,11204,5902,5302,2841,954,1887,8363,4948,3415
C2308,04,000,State - CHANDIGARH,Urban,75-79,6347,3212,3135,1426,380,1046,4921,2832,2089
C2308,04,000,State - CHANDIGARH,Urban,80+,7525,3745,3780,2320,642,1678,5205,3103,2102
C2308,04,000,State - CHANDIGARH,Urban,Age not stated,340,197,143,85,35,50,255,162,93
C2308,05,000,State - UTTARAKHAND,Total,All ages,10086292,5137773,4948519,3205339,1274065,1931274,6880953,3863708,3017245
C2308,05,000,State - UTTARAKHAND,Total,0-6,1355814,717199,638615,1355814,717199,638615,0,0,0
C2308,05,000,State - UTTARAKHAND,Total,7,210340,110555,99785,45348,23217,22131,164992,87338,77654
C2308,05,000,State - UTTARAKHAND,Total,8,216896,114848,102048,21389,10834,10555,195507,104014,91493
C2308,05,000,State - UTTARAKHAND,Total,9,200615,106565,94050,14873,7591,7282,185742,98974,86768
C2308,05,000,State - UTTARAKHAND,Total,10,250302,134113,116189,21095,10748,10347,229207,123365,105842
C2308,05,000,State - UTTARAKHAND,Total,11,215036,114025,101011,11371,5683,5688,203665,108342,95323
C2308,05,000,State - UTTARAKHAND,Total,12,236362,124845,111517,10033,4730,5303,226329,120115,106214
C2308,05,000,State - UTTARAKHAND,Total,13,214935,111390,103545,8378,3726,4652,206557,107664,98893
C2308,05,000,State - UTTARAKHAND,Total,14,228708,118901,109807,9882,4461,5421,218826,114440,104386
C2308,05,000,State - UTTARAKHAND,Total,15,233790,121583,112207,12474,5465,7009,221316,116118,105198
C2308,05,000,State - UTTARAKHAND,Total,16,230111,119257,110854,12891,5685,7206,217220,113572,103648
C2308,05,000,State - UTTARAKHAND,Total,17,207201,108809,98392,11380,4960,6420,195821,103849,91972
C2308,05,000,State - UTTARAKHAND,Total,18,254384,135318,119066,19313,8635,10678,235071,126683,108388
C2308,05,000,State - UTTARAKHAND,Total,19,198624,103516,95108,13749,5693,8056,184875,97823,87052
C2308,05,000,State - UTTARAKHAND,Total,20-24,970068,484614,485454,97193,33899,63294,872875,450715,422160
C2308,05,000,State - UTTARAKHAND,Total,25-29,810184,397363,412821,121925,37249,84676,688259,360114,328145
C2308,05,000,State - UTTARAKHAND,Total,30-34,698300,345427,352873,142128,39795,102333,556172,305632,250540
C2308,05,000,State - UTTARAKHAND,Total,35-39,665500,330834,334666,173407,48165,125242,492093,282669,209424
C2308,05,000,State - UTTARAKHAND,Total,40-44,566709,285531,281178,172975,48079,124896,393734,237452,156282
C2308,05,000,State - UTTARAKHAND,Total,45-49,489377,247982,241395,164855,44651,120204,324522,203331,121191
C2308,05,000,State - UTTARAKHAND,Total,50-54,397158,202024,195134,145480,38305,107175,251678,163719,87959
C2308,05,000,State - UTTARAKHAND,Total,55-59,318461,151865,166596,132029,29172,102857,186432,122693,63739
C2308,05,000,State - UTTARAKHAND,Total,60-64,329056,163220,165836,163507,44524,118983,165549,118696,46853
C2308,05,000,State - UTTARAKHAND,Total,65-69,218759,108412,110347,112675,30194,82481,106084,78218,27866
C2308,05,000,State - UTTARAKHAND,Total,70-74,163443,80970,82473,92697,26478,66219,70746,54492,16254
C2308,05,000,State - UTTARAKHAND,Total,75-79,84646,40837,43809,49153,13554,35599,35493,27283,8210
C2308,05,000,State - UTTARAKHAND,Total,80+,104905,48458,56447,64924,19483,45441,39981,28975,11006
C2308,05,000,State - UTTARAKHAND,Total,Age not stated,16608,9312,7296,4401,1890,2511,12207,7422,4785
C2308,05,000,State - UTTARAKHAND,Rural,All ages,7036954,3519042,3517912,2422904,922871,1500033,4614050,2596171,2017879
C2308,05,000,State - UTTARAKHAND,Rural,0-6,990776,521792,468984,990776,521792,468984,0,0,0
C2308,05,000,State - UTTARAKHAND,Rural,7,152454,79455,72999,33335,17066,16269,119119,62389,56730
C2308,05,000,State - UTTARAKHAND,Rural,8,158202,83099,75103,15117,7572,7545,143085,75527,67558
C2308,05,000,State - UTTARAKHAND,Rural,9,146443,76846,69597,10306,5179,5127,136137,71667,64470
C2308,05,000,State - UTTARAKHAND,Rural,10,181771,96251,85520,14405,7302,7103,167366,88949,78417
C2308,05,000,State - UTTARAKHAND,Rural,11,156931,82153,74778,7526,3657,3869,149405,78496,70909
C2308,05,000,State - UTTARAKHAND,Rural,12,173745,90621,83124,6344,2823,3521,167401,87798,79603
C2308,05,000,State - UTTARAKHAND,Rural,13,157053,80262,76791,5225,2143,3082,151828,78119,73709
C2308,05,000,State - UTTARAKHAND,Rural,14,165918,85291,80627,6205,2612,3593,159713,82679,77034
C2308,05,000,State - UTTARAKHAND,Rural,15,168529,86504,82025,7894,3179,4715,160635,83325,77310
C2308,05,000,State - UTTARAKHAND,Rural,16,165057,84160,80897,8231,3313,4918,156826,80847,75979
C2308,05,000,State - UTTARAKHAND,Rural,17,145509,75319,70190,7193,2810,4383,138316,72509,65807
C2308,05,000,State - UTTARAKHAND,Rural,18,177577,92407,85170,12522,4999,7523,165055,87408,77647
C2308,05,000,State - UTTARAKHAND,Rural,19,136226,68679,67547,8955,3267,5688,127271,65412,61859
C2308,05,000,State - UTTARAKHAND,Rural,20-24,648027,312431,335596,66375,20472,45903,581652,291959,289693
C2308,05,000,State - UTTARAKHAND,Rural,25-29,529754,253277,276477,86775,23925,62850,442979,229352,213627
C2308,05,000,State - UTTARAKHAND,Rural,30-34,459156,221890,237266,105642,26715,78927,353514,195175,158339
C2308,05,000,State - UTTARAKHAND,Rural,35-39,441348,215242,226106,131178,33244,97934,310170,181998,128172
C2308,05,000,State - UTTARAKHAND,Rural,40-44,378652,187060,191592,133660,34107,99553,244992,152953,92039
C2308,05,000,State - UTTARAKHAND,Rural,45-49,325900,160955,164945,128673,32181,96492,197227,128774,68453
C2308,05,000,State - UTTARAKHAND,Rural,50-54,270074,133037,137037,117125,28615,88510,152949,104422,48527
C2308,05,000,State - UTTARAKHAND,Rural,55-59,221366,100962,120404,108495,22531,85964,112871,78431,34440
C2308,05,000,State - UTTARAKHAND,Rural,60-64,244791,119263,125528,137534,36275,101259,107257,82988,24269
C2308,05,000,State - UTTARAKHAND,Rural,65-69,163102,78840,84262,95557,25114,70443,67545,53726,13819
C2308,05,000,State - UTTARAKHAND,Rural,70-74,124907,60605,64302,78893,22345,56548,46014,38260,7754
C2308,05,000,State - UTTARAKHAND,Rural,75-79,64561,30697,33864,42008,11723,30285,22553,18974,3579
C2308,05,000,State - UTTARAKHAND,Rural,80+,78653,36196,42457,53922,16655,37267,24731,19541,5190
C2308,05,000,State - UTTARAKHAND,Rural,Age not stated,10472,5748,4724,3033,1255,1778,7439,4493,2946
C2308,05,000,State - UTTARAKHAND,Urban,All ages,3049338,1618731,1430607,782435,351194,431241,2266903,1267537,999366
C2308,05,000,State - UTTARAKHAND,Urban,0-6,365038,195407,169631,365038,195407,169631,0,0,0
C2308,05,000,State - UTTARAKHAND,Urban,7,57886,31100,26786,12013,6151,5862,45873,24949,20924
C2308,05,000,State - UTTARAKHAND,Urban,8,58694,31749,26945,6272,3262,3010,52422,28487,23935
C2308,05,000,State - UTTARAKHAND,Urban,9,54172,29719,24453,4567,2412,2155,49605,27307,22298
C2308,05,000,State - UTTARAKHAND,Urban,10,68531,37862,30669,6690,3446,3244,61841,34416,27425
C2308,05,000,State - UTTARAKHAND,Urban,11,58105,31872,26233,3845,2026,1819,54260,29846,24414
C2308,05,000,State - UTTARAKHAND,Urban,12,62617,34224,28393,3689,1907,1782,58928,32317,26611
C2308,05,000,State - UTTARAKHAND,Urban,13,57882,31128,26754,3153,1583,1570,54729,29545,25184
C2308,05,000,State - UTTARAKHAND,Urban,14,62790,33610,29180,3677,1849,1828,59113,31761,27352
C2308,05,000,State - UTTARAKHAND,Urban,15,65261,35079,30182,4580,2286,2294,60681,32793,27888
C2308,05,000,State - UTTARAKHAND,Urban,16,65054,35097,29957,4660,2372,2288,60394,32725,27669
C2308,05,000,State - UTTARAKHAND,Urban,17,61692,33490,28202,4187,2150,2037,57505,31340,26165
C2308,05,000,State - UTTARAKHAND,Urban,18,76807,42911,33896,6791,3636,3155,70016,39275,30741
C2308,05,000,State - UTTARAKHAND,Urban,19,62398,34837,27561,4794,2426,2368,57604,32411,25193
C2308,05,000,State - UTTARAKHAND,Urban,20-24,322041,172183,149858,30818,13427,17391,291223,158756,132467
C2308,05,000,State - UTTARAKHAND,Urban,25-29,280430,144086,136344,35150,13324,21826,245280,130762,114518
C2308,05,000,State - UTTARAKHAND,Urban,30-34,239144,123537,115607,36486,13080,23406,202658,110457,92201
C2308,05,000,State - UTTARAKHAND,Urban,35-39,224152,115592,108560,42229,14921,27308,181923,100671,81252
C2308,05,000,State - UTTARAKHAND,Urban,40-44,188057,98471,89586,39315,13972,25343,148742,84499,64243
C2308,05,000,State - UTTARAKHAND,Urban,45-49,163477,87027,76450,36182,12470,23712,127295,74557,52738
C2308,05,000,State - UTTARAKHAND,Urban,50-54,127084,68987,58097,28355,9690,18665,98729,59297,39432
C2308,05,000,State - UTTARAKHAND,Urban,55-59,97095,50903,46192,23534,6641,16893,73561,44262,29299
C2308,05,000,State - UTTARAKHAND,Urban,60-64,84265,43957,40308,25973,8249,17724,58292,35708,22584
C2308,05,000,State - UTTARAKHAND,Urban,65-69,55657,29572,26085,17118,5080,12038,38539,24492,14047
C2308,05,000,State - UTTARAKHAND,Urban,70-74,38536,20365,18171,13804,4133,9671,24732,16232,8500
C2308,05,000,State - UTTARAKHAND,Urban,75-79,20085,10140,9945,7145,1831,5314,12940,8309,4631
C2308,05,000,State - UTTARAKHAND,Urban,80+,26252,12262,13990,11002,2828,8174,15250,9434,5816
C2308,05,000,State - UTTARAKHAND,Urban,Age not stated,6136,3564,2572,1368,635,733,4768,2929,1839
C2308,06,000,State - HARYANA,Total,All ages,25351462,13494734,11856728,8752474,3700667,5051807,16598988,9794067,6804921
C2308,06,000,State - HARYANA,Total,0-6,3380721,1843109,1537612,3380721,1843109,1537612,0,0,0
C2308,06,000,State - HARYANA,Total,7,497749,270994,226755,104208,54114,50094,393541,216880,176661
C2308,06,000,State - HARYANA,Total,8,513907,281655,232252,58000,28600,29400,455907,253055,202852
C2308,06,000,State - HARYANA,Total,9,468899,259856,209043,37847,18326,19521,431052,241530,189522
C2308,06,000,State - HARYANA,Total,10,573702,320318,253384,50331,24191,26140,523371,296127,227244
C2308,06,000,State - HARYANA,Total,11,506884,282039,224845,30467,13954,16513,476417,268085,208332
C2308,06,000,State - HARYANA,Total,12,550890,305753,245137,34224,15079,19145,516666,290674,225992
C2308,06,000,State - HARYANA,Total,13,508706,277252,231454,28818,12135,16683,479888,265117,214771
C2308,06,000,State - HARYANA,Total,14,528496,288774,239722,33725,14109,19616,494771,274665,220106
C2308,06,000,State - HARYANA,Total,15,553727,306076,247651,40153,17869,22284,513574,288207,225367
C2308,06,000,State - HARYANA,Total,16,545635,302833,242802,40740,17862,22878,504895,284971,219924
C2308,06,000,State - HARYANA,Total,17,490393,274242,216151,35519,15650,19869,454874,258592,196282
C2308,06,000,State - HARYANA,Total,18,607791,340968,266823,59377,25963,33414,548414,315005,233409
C2308,06,000,State - HARYANA,Total,19,479844,263429,216415,42722,16840,25882,437122,246589,190533
C2308,06,000,State - HARYANA,Total,20-24,2567486,1372799,1194687,308328,111624,196704,2259158,1261175,997983
C2308,06,000,State - HARYANA,Total,25-29,2231959,1178340,1053619,358218,121597,236621,1873741,1056743,816998
C2308,06,000,State - HARYANA,Total,30-34,1893591,976844,916747,412138,128697,283441,1481453,848147,633306
C2308,06,000,State - HARYANA,Total,35-39,1761863,912717,849146,511940,154747,357193,1249923,757970,491953
C2308,06,000,State - HARYANA,Total,40-44,1505950,790581,715369,546364,172689,373675,959586,617892,341694
C2308,06,000,State - HARYANA,Total,45-49,1241814,655749,586065,499431,158702,340729,742383,497047,245336
C2308,06,000,State - HARYANA,Total,50-54,965228,510688,454540,416621,137487,279134,548607,373201,175406
C2308,06,000,State - HARYANA,Total,55-59,750938,374209,376729,347390,98511,248879,403548,275698,127850
C2308,06,000,State - HARYANA,Total,60-64,844349,413958,430391,477707,155916,321791,366642,258042,108600
C2308,06,000,State - HARYANA,Total,65-69,504439,255270,249169,300793,107047,193746,203646,148223,55423
C2308,06,000,State - HARYANA,Total,70-74,374161,188304,185857,247893,95377,152516,126268,92927,33341
C2308,06,000,State - HARYANA,Total,75-79,196217,97692,98525,135407,53054,82353,60810,44638,16172
C2308,06,000,State - HARYANA,Total,80+,274589,133397,141192,202180,82416,119764,72409,50981,21428
C2308,06,000,State - HARYANA,Total,Age not stated,31534,16888,14646,11212,5002,6210,20322,11886,8436
C2308,06,000,State - HARYANA,Rural,All ages,16509359,8774006,7735353,6350917,2633907,3717010,10158442,6140099,4018343
C2308,06,000,State - HARYANA,Rural,0-6,2285112,1245090,1040022,2285112,1245090,1040022,0,0,0
C2308,06,000,State - HARYANA,Rural,7,333177,181029,152148,70249,36275,33974,262928,144754,118174
C2308,06,000,State - HARYANA,Rural,8,348535,190498,158037,38732,18716,20016,309803,171782,138021
C2308,06,000,State - HARYANA,Rural,9,315981,174478,141503,24635,11599,13036,291346,162879,128467
C2308,06,000,State - HARYANA,Rural,10,386126,214227,171899,32873,15222,17651,353253,199005,154248
C2308,06,000,State - HARYANA,Rural,11,343636,190067,153569,20119,8710,11409,323517,181357,142160
C2308,06,000,State - HARYANA,Rural,12,376432,208087,168345,22977,9417,13560,353455,198670,154785
C2308,06,000,State - HARYANA,Rural,13,346721,188180,158541,19589,7621,11968,327132,180559,146573
C2308,06,000,State - HARYANA,Rural,14,359944,195525,164419,23379,9105,14274,336565,186420,150145
C2308,06,000,State - HARYANA,Rural,15,376899,207291,169608,27605,11313,16292,349294,195978,153316
C2308,06,000,State - HARYANA,Rural,16,372016,205491,166525,28506,11629,16877,343510,193862,149648
C2308,06,000,State - HARYANA,Rural,17,328020,182705,145315,24684,9970,14714,303336,172735,130601
C2308,06,000,State - HARYANA,Rural,18,407575,227291,180284,41694,16912,24782,365881,210379,155502
C2308,06,000,State - HARYANA,Rural,19,315481,171613,143868,29871,10773,19098,285610,160840,124770
C2308,06,000,State - HARYANA,Rural,20-24,1658579,889577,769002,217568,74424,143144,1441011,815153,625858
C2308,06,000,State - HARYANA,Rural,25-29,1384241,737729,646512,252770,82768,170002,1131471,654961,476510
C2308,06,000,State - HARYANA,Rural,30-34,1174200,605409,568791,301150,90725,210425,873050,514684,358366
C2308,06,000,State - HARYANA,Rural,35-39,1097613,569510,528103,381576,111676,269900,716037,457834,258203
C2308,06,000,State - HARYANA,Rural,40-44,947369,495956,451413,418943,129780,289163,528426,366176,162250
C2308,06,000,State - HARYANA,Rural,45-49,765054,403338,361716,382713,120572,262141,382341,282766,99575
C2308,06,000,State - HARYANA,Rural,50-54,590288,310495,279793,322423,106682,215741,267865,203813,64052
C2308,06,000,State - HARYANA,Rural,55-59,462888,224344,238544,272513,77818,194695,190375,146526,43849
C2308,06,000,State - HARYANA,Rural,60-64,573957,276636,297321,387185,128585,258600,186772,148051,38721
C2308,06,000,State - HARYANA,Rural,65-69,343427,171739,171688,243712,89476,154236,99715,82263,17452
C2308,06,000,State - HARYANA,Rural,70-74,260398,130774,129624,199977,80106,119871,60421,50668,9753
C2308,06,000,State - HARYANA,Rural,75-79,136964,68101,68863,109683,45291,64392,27281,22810,4471
C2308,06,000,State - HARYANA,Rural,80+,198145,97815,100330,162686,70128,92558,35459,27687,7772
C2308,06,000,State - HARYANA,Rural,Age not stated,20581,11011,9570,7993,3524,4469,12588,7487,5101
C2308,06,000,State - HARYANA,Urban,All ages,8842103,4720728,4121375,2401557,1066760,1334797,6440546,3653968,2786578
C2308,06,000,State - HARYANA,Urban,0-6,1095609,598019,497590,1095609,598019,497590,0,0,0
C2308,06,000,State - HARYANA,Urban,7,164572,89965,74607,33959,17839,16120,130613,72126,58487
C2308,06,000,State - HARYANA,Urban,8,165372,91157,74215,19268,9884,9384,146104,81273,64831
C2308,06,000,State - HARYANA,Urban,9,152918,85378,67540,13212,6727,6485,139706,78651,61055
C2308,06,000,State - HARYANA,Urban,10,187576,106091,81485,17458,8969,8489,170118,97122,72996
C2308,06,000,State - HARYANA,Urban,11,163248,91972,71276,10348,5244,5104,152900,86728,66172
C2308,06,000,State - HARYANA,Urban,12,174458,97666,76792,11247,5662,5585,163211,92004,71207
C2308,06,000,State - HARYANA,Urban,13,161985,89072,72913,9229,4514,4715,152756,84558,68198
C2308,06,000,State - HARYANA,Urban,14,168552,93249,75303,10346,5004,5342,158206,88245,69961
C2308,06,000,State - HARYANA,Urban,15,176828,98785,78043,12548,6556,5992,164280,92229,72051
C2308,06,000,State - HARYANA,Urban,16,173619,97342,76277,12234,6233,6001,161385,91109,70276
C2308,06,000,State - HARYANA,Urban,17,162373,91537,70836,10835,5680,5155,151538,85857,65681
C2308,06,000,State - HARYANA,Urban,18,200216,113677,86539,17683,9051,8632,182533,104626,77907
C2308,06,000,State - HARYANA,Urban,19,164363,91816,72547,12851,6067,6784,151512,85749,65763
C2308,06,000,State - HARYANA,Urban,20-24,908907,483222,425685,90760,37200,53560,818147,446022,372125
C2308,06,000,State - HARYANA,Urban,25-29,847718,440611,407107,105448,38829,66619,742270,401782,340488
C2308,06,000,State - HARYANA,Urban,30-34,719391,371435,347956,110988,37972,73016,608403,333463,274940
C2308,06,000,State - HARYANA,Urban,35-39,664250,343207,321043,130364,43071,87293,533886,300136,233750
C2308,06,000,State - HARYANA,Urban,40-44,558581,294625,263956,127421,42909,84512,431160,251716,179444
C2308,06,000,State - HARYANA,Urban,45-49,476760,252411,224349,116718,38130,78588,360042,214281,145761
C2308,06,000,State - HARYANA,Urban,50-54,374940,200193,174747,94198,30805,63393,280742,169388,111354
C2308,06,000,State - HARYANA,Urban,55-59,288050,149865,138185,74877,20693,54184,213173,129172,84001
C2308,06,000,State - HARYANA,Urban,60-64,270392,137322,133070,90522,27331,63191,179870,109991,69879
C2308,06,000,State - HARYANA,Urban,65-69,161012,83531,77481,57081,17571,39510,103931,65960,37971
C2308,06,000,State - HARYANA,Urban,70-74,113763,57530,56233,47916,15271,32645,65847,42259,23588
C2308,06,000,State - HARYANA,Urban,75-79,59253,29591,29662,25724,7763,17961,33529,21828,11701
C2308,06,000,State - HARYANA,Urban,80+,76444,35582,40862,39494,12288,27206,36950,23294,13656
C2308,06,000,State - HARYANA,Urban,Age not stated,10953,5877,5076,3219,1478,1741,7734,4399,3335
C2308,07,000,State - NCT OF DELHI,Total,All ages,16787941,8987326,7800615,4050174,1792470,2257704,12737767,7194856,5542911
C2308,07,000,State - NCT OF DELHI,Total,0-6,2012454,1075440,937014,2012454,1075440,937014,0,0,0
C2308,07,000,State - NCT OF DELHI,Total,7,306299,163769,142530,61139,32432,28707,245160,131337,113823
C2308,07,000,State - NCT OF DELHI,Total,8,308389,166754,141635,26223,13845,12378,282166,152909,129257
C2308,07,000,State - NCT OF DELHI,Total,9,290030,157860,132170,18560,9693,8867,271470,148167,123303
C2308,07,000,State - NCT OF DELHI,Total,10,363540,199751,163789,24692,13003,11689,338848,186748,152100
C2308,07,000,State - NCT OF DELHI,Total,11,313738,170780,142958,13409,6945,6464,300329,163835,136494
C2308,07,000,State - NCT OF DELHI,Total,12,335583,183037,152546,13116,6794,6322,322467,176243,146224
C2308,07,000,State - NCT OF DELHI,Total,13,310246,166567,143679,10723,5292,5431,299523,161275,138248
C2308,07,000,State - NCT OF DELHI,Total,14,325040,175311,149729,12357,6086,6271,312683,169225,143458
C2308,07,000,State - NCT OF DELHI,Total,15,334622,183018,151604,16184,8500,7684,318438,174518,143920
C2308,07,000,State - NCT OF DELHI,Total,16,327551,179164,148387,16153,8581,7572,311398,170583,140815
C2308,07,000,State - NCT OF DELHI,Total,17,309686,171583,138103,14866,7958,6908,294820,163625,131195
C2308,07,000,State - NCT OF DELHI,Total,18,384172,217908,166264,26641,14673,11968,357531,203235,154296
C2308,07,000,State - NCT OF DELHI,Total,19,311344,173445,137899,17842,8973,8869,293502,164472,129030
C2308,07,000,State - NCT OF DELHI,Total,20-24,1764060,951411,812649,142825,60344,82481,1621235,891067,730168
C2308,07,000,State - NCT OF DELHI,Total,25-29,1668326,878196,790130,178431,64269,114162,1489895,813927,675968
C2308,07,000,State - NCT OF DELHI,Total,30-34,1434699,757455,677244,195466,63846,131620,1239233,693609,545624
C2308,07,000,State - NCT OF DELHI,Total,35-39,1319244,698455,620789,228968,73023,155945,1090276,625432,464844
C2308,07,000,State - NCT OF DELHI,Total,40-44,1097197,590858,506339,217503,71456,146047,879694,519402,360292
C2308,07,000,State - NCT OF DELHI,Total,45-49,911213,495227,415986,189834,62862,126972,721379,432365,289014
C2308,07,000,State - NCT OF DELHI,Total,50-54,687469,376222,311247,141957,46567,95390,545512,329655,215857
C2308,07,000,State - NCT OF DELHI,Total,55-59,508892,269185,239707,111029,30553,80476,397863,238632,159231
C2308,07,000,State - NCT OF DELHI,Total,60-64,472019,238103,233916,142386,40586,101800,329633,197517,132116
C2308,07,000,State - NCT OF DELHI,Total,65-69,272452,139398,133054,79461,22430,57031,192991,116968,76023
C2308,07,000,State - NCT OF DELHI,Total,70-74,189250,94947,94303,60646,16797,43849,128604,78150,50454
C2308,07,000,State - NCT OF DELHI,Total,75-79,100693,50446,50247,30139,7752,22387,70554,42694,27860
C2308,07,000,State - NCT OF DELHI,Total,80+,113031,53861,59170,42535,11583,30952,70496,42278,28218
C2308,07,000,State - NCT OF DELHI,Total,Age not stated,16702,9175,7527,4635,2187,2448,12067,6988,5079
C2308,07,000,State - NCT OF DELHI,Rural,All ages,419042,226321,192721,122442,51994,70448,296600,174327,122273
C2308,07,000,State - NCT OF DELHI,Rural,0-6,56716,31259,25457,56716,31259,25457,0,0,0
C2308,07,000,State - NCT OF DELHI,Rural,7,8514,4710,3804,1643,898,745,6871,3812,3059
C2308,07,000,State - NCT OF DELHI,Rural,8,8534,4705,3829,719,382,337,7815,4323,3492
C2308,07,000,State - NCT OF DELHI,Rural,9,7955,4505,3450,507,277,230,7448,4228,3220
C2308,07,000,State - NCT OF DELHI,Rural,10,10471,5823,4648,738,383,355,9733,5440,4293
C2308,07,000,State - NCT OF DELHI,Rural,11,8562,4770,3792,388,186,202,8174,4584,3590
C2308,07,000,State - NCT OF DELHI,Rural,12,9423,5240,4183,388,179,209,9035,5061,3974
C2308,07,000,State - NCT OF DELHI,Rural,13,8617,4835,3782,268,127,141,8349,4708,3641
C2308,07,000,State - NCT OF DELHI,Rural,14,8810,4811,3999,356,161,195,8454,4650,3804
C2308,07,000,State - NCT OF DELHI,Rural,15,9078,4996,4082,495,226,269,8583,4770,3813
C2308,07,000,State - NCT OF DELHI,Rural,16,8989,4988,4001,456,226,230,8533,4762,3771
C2308,07,000,State - NCT OF DELHI,Rural,17,8211,4707,3504,443,232,211,7768,4475,3293
C2308,07,000,State - NCT OF DELHI,Rural,18,10169,5802,4367,834,409,425,9335,5393,3942
C2308,07,000,State - NCT OF DELHI,Rural,19,7920,4423,3497,538,234,304,7382,4189,3193
C2308,07,000,State - NCT OF DELHI,Rural,20-24,44407,23805,20602,4115,1527,2588,40292,22278,18014
C2308,07,000,State - NCT OF DELHI,Rural,25-29,39250,20584,18666,4952,1604,3348,34298,18980,15318
C2308,07,000,State - NCT OF DELHI,Rural,30-34,33833,17431,16402,5663,1604,4059,28170,15827,12343
C2308,07,000,State - NCT OF DELHI,Rural,35-39,31648,16738,14910,6888,1934,4954,24760,14804,9956
C2308,07,000,State - NCT OF DELHI,Rural,40-44,25962,14180,11782,7193,2196,4997,18769,11984,6785
C2308,07,000,State - NCT OF DELHI,Rural,45-49,19676,10981,8695,6041,1822,4219,13635,9159,4476
C2308,07,000,State - NCT OF DELHI,Rural,50-54,14347,7917,6430,4770,1312,3458,9577,6605,2972
C2308,07,000,State - NCT OF DELHI,Rural,55-59,10299,5372,4927,3809,867,2942,6490,4505,1985
C2308,07,000,State - NCT OF DELHI,Rural,60-64,11624,5700,5924,5432,1275,4157,6192,4425,1767
C2308,07,000,State - NCT OF DELHI,Rural,65-69,6123,3125,2998,3060,750,2310,3063,2375,688
C2308,07,000,State - NCT OF DELHI,Rural,70-74,4318,2171,2147,2429,650,1779,1889,1521,368
C2308,07,000,State - NCT OF DELHI,Rural,75-79,2047,980,1067,1312,376,936,735,604,131
C2308,07,000,State - NCT OF DELHI,Rural,80+,3022,1482,1540,2114,807,1307,908,675,233
C2308,07,000,State - NCT OF DELHI,Rural,Age not stated,517,281,236,175,91,84,342,190,152
C2308,07,000,State - NCT OF DELHI,Urban,All ages,16368899,8761005,7607894,3927732,1740476,2187256,12441167,7020529,5420638
C2308,07,000,State - NCT OF DELHI,Urban,0-6,1955738,1044181,911557,1955738,1044181,911557,0,0,0
C2308,07,000,State - NCT OF DELHI,Urban,7,297785,159059,138726,59496,31534,27962,238289,127525,110764
C2308,07,000,State - NCT OF DELHI,Urban,8,299855,162049,137806,25504,13463,12041,274351,148586,125765
C2308,07,000,State - NCT OF DELHI,Urban,9,282075,153355,128720,18053,9416,8637,264022,143939,120083
C2308,07,000,State - NCT OF DELHI,Urban,10,353069,193928,159141,23954,12620,11334,329115,181308,147807
C2308,07,000,State - NCT OF DELHI,Urban,11,305176,166010,139166,13021,6759,6262,292155,159251,132904
C2308,07,000,State - NCT OF DELHI,Urban,12,326160,177797,148363,12728,6615,6113,313432,171182,142250
C2308,07,000,State - NCT OF DELHI,Urban,13,301629,161732,139897,10455,5165,5290,291174,156567,134607
C2308,07,000,State - NCT OF DELHI,Urban,14,316230,170500,145730,12001,5925,6076,304229,164575,139654
C2308,07,000,State - NCT OF DELHI,Urban,15,325544,178022,147522,15689,8274,7415,309855,169748,140107
C2308,07,000,State - NCT OF DELHI,Urban,16,318562,174176,144386,15697,8355,7342,302865,165821,137044
C2308,07,000,State - NCT OF DELHI,Urban,17,301475,166876,134599,14423,7726,6697,287052,159150,127902
C2308,07,000,State - NCT OF DELHI,Urban,18,374003,212106,161897,25807,14264,11543,348196,197842,150354
C2308,07,000,State - NCT OF DELHI,Urban,19,303424,169022,134402,17304,8739,8565,286120,160283,125837
C2308,07,000,State - NCT OF DELHI,Urban,20-24,1719653,927606,792047,138710,58817,79893,1580943,868789,712154
C2308,07,000,State - NCT OF DELHI,Urban,25-29,1629076,857612,771464,173479,62665,110814,1455597,794947,660650
C2308,07,000,State - NCT OF DELHI,Urban,30-34,1400866,740024,660842,189803,62242,127561,1211063,677782,533281
C2308,07,000,State - NCT OF DELHI,Urban,35-39,1287596,681717,605879,222080,71089,150991,1065516,610628,454888
C2308,07,000,State - NCT OF DELHI,Urban,40-44,1071235,576678,494557,210310,69260,141050,860925,507418,353507
C2308,07,000,State - NCT OF DELHI,Urban,45-49,891537,484246,407291,183793,61040,122753,707744,423206,284538
C2308,07,000,State - NCT OF DELHI,Urban,50-54,673122,368305,304817,137187,45255,91932,535935,323050,212885
C2308,07,000,State - NCT OF DELHI,Urban,55-59,498593,263813,234780,107220,29686,77534,391373,234127,157246
C2308,07,000,State - NCT OF DELHI,Urban,60-64,460395,232403,227992,136954,39311,97643,323441,193092,130349
C2308,07,000,State - NCT OF DELHI,Urban,65-69,266329,136273,130056,76401,21680,54721,189928,114593,75335
C2308,07,000,State - NCT OF DELHI,Urban,70-74,184932,92776,92156,58217,16147,42070,126715,76629,50086
C2308,07,000,State - NCT OF DELHI,Urban,75-79,98646,49466,49180,28827,7376,21451,69819,42090,27729
C2308,07,000,State - NCT OF DELHI,Urban,80+,110009,52379,57630,40421,10776,29645,69588,41603,27985
C2308,07,000,State - NCT OF DELHI,Urban,Age not stated,16185,8894,7291,4460,2096,2364,11725,6798,4927
C2308,08,000,State - RAJASTHAN,Total,All ages,68548437,35550997,32997440,30273155,11862585,18410570,38275282,23688412,14586870
C2308,08,000,State - RAJASTHAN,Total,0-6,10649504,5639176,5010328,10649504,5639176,5010328,0,0,0
C2308,08,000,State - RAJASTHAN,Total,7,1523671,802370,721301,460716,221803,238913,1062955,580567,482388
C2308,08,000,State - RAJASTHAN,Total,8,1767805,932409,835396,301227,131326,169901,1466578,801083,665495
C2308,08,000,State - RAJASTHAN,Total,9,1403928,743492,660436,164830,67923,96907,1239098,675569,563529
C2308,08,000,State - RAJASTHAN,Total,10,1973335,1046140,927195,249872,99137,150735,1723463,947003,776460
C2308,08,000,State - RAJASTHAN,Total,11,1520709,809002,711707,138238,50187,88051,1382471,758815,623656
C2308,08,000,State - RAJASTHAN,Total,12,1799936,955169,844767,189710,64001,125709,1610226,891168,719058
C2308,08,000,State - RAJASTHAN,Total,13,1523295,795839,727456,148262,45740,102522,1375033,750099,624934
C2308,08,000,State - RAJASTHAN,Total,14,1563243,824546,738697,161841,49330,112511,1401402,775216,626186
C2308,08,000,State - RAJASTHAN,Total,15,1619644,867769,751875,197377,63517,133860,1422267,804252,618015
C2308,08,000,State - RAJASTHAN,Total,16,1555943,831610,724333,193777,59600,134177,1362166,772010,590156
C2308,08,000,State - RAJASTHAN,Total,17,1235765,666499,569266,147961,42996,104965,1087804,623503,464301
C2308,08,000,State - RAJASTHAN,Total,18,1757598,931689,825909,302947,82869,220078,1454651,848820,605831
C2308,08,000,State - RAJASTHAN,Total,19,1145067,592307,552760,189451,43391,146060,955616,548916,406700
C2308,08,000,State - RAJASTHAN,Total,20-24,6426494,3377483,3049011,1478273,359330,1118943,4948221,3018153,1930068
C2308,08,000,State - RAJASTHAN,Total,25-29,5348497,2763059,2585438,1664162,410620,1253542,3684335,2352439,1331896
C2308,08,000,State - RAJASTHAN,Total,30-34,4722683,2384569,2338114,1813709,459975,1353734,2908974,1924594,984380
C2308,08,000,State - RAJASTHAN,Total,35-39,4334564,2201790,2132774,1928554,536668,1391886,2406010,1665122,740888
C2308,08,000,State - RAJASTHAN,Total,40-44,3735355,1926916,1808439,1866346,594410,1271936,1869009,1332506,536503
C2308,08,000,State - RAJASTHAN,Total,45-49,3145404,1608512,1536892,1705218,565221,1139997,1440186,1043291,396895
C2308,08,000,State - RAJASTHAN,Total,50-54,2516808,1345007,1171801,1426540,533298,893242,1090268,811709,278559
C2308,08,000,State - RAJASTHAN,Total,55-59,1897449,935866,961583,1141921,376173,765748,755528,559693,195835
C2308,08,000,State - RAJASTHAN,Total,60-64,1770139,884024,886115,1174391,435178,739213,595748,448846,146902
C2308,08,000,State - RAJASTHAN,Total,65-69,1260376,589471,670905,883989,307468,576521,376387,282003,94384
C2308,08,000,State - RAJASTHAN,Total,70-74,1016915,490011,526904,765119,296348,468771,251796,193663,58133
C2308,08,000,State - RAJASTHAN,Total,75-79,477655,216016,261639,358191,125960,232231,119464,90056,29408
C2308,08,000,State - RAJASTHAN,Total,80+,587053,252741,334312,456896,158803,298093,130157,93938,36219
C2308,08,000,State - RAJASTHAN,Total,Age not stated,269602,137515,132087,114133,42137,71996,155469,95378,60091
C2308,08,000,State - RAJASTHAN,Rural,All ages,51500352,26641747,24858605,25028566,9737158,15291408,26471786,16904589,9567197
C2308,08,000,State - RAJASTHAN,Rural,0-6,8414883,4446599,3968284,8414883,4446599,3968284,0,0,0
C2308,08,000,State - RAJASTHAN,Rural,7,1188113,624090,564023,375931,179076,196855,812182,445014,367168
C2308,08,000,State - RAJASTHAN,Rural,8,1401479,736168,665311,249259,106434,142825,1152220,629734,522486
C2308,08,000,State - RAJASTHAN,Rural,9,1092828,575854,516974,133055,52846,80209,959773,523008,436765
C2308,08,000,State - RAJASTHAN,Rural,10,1555926,820171,735755,203585,77340,126245,1352341,742831,609510
C2308,08,000,State - RAJASTHAN,Rural,11,1181835,627418,554417,111241,37955,73286,1070594,589463,481131
C2308,08,000,State - RAJASTHAN,Rural,12,1414659,748140,666519,155760,48905,106855,1258899,699235,559664
C2308,08,000,State - RAJASTHAN,Rural,13,1176802,614099,562703,120617,34300,86317,1056185,579799,476386
C2308,08,000,State - RAJASTHAN,Rural,14,1207967,636904,571063,132447,37268,95179,1075520,599636,475884
C2308,08,000,State - RAJASTHAN,Rural,15,1241255,664544,576711,161061,48052,113009,1080194,616492,463702
C2308,08,000,State - RAJASTHAN,Rural,16,1190644,636615,554029,159509,45242,114267,1031135,591373,439762
C2308,08,000,State - RAJASTHAN,Rural,17,909561,490892,418669,119636,31354,88282,789925,459538,330387
C2308,08,000,State - RAJASTHAN,Rural,18,1326719,700636,626083,252650,62882,189768,1074069,637754,436315
C2308,08,000,State - RAJASTHAN,Rural,19,828756,425396,403360,157448,32097,125351,671308,393299,278009
C2308,08,000,State - RAJASTHAN,Rural,20-24,4682761,2471674,2211087,1244374,283359,961015,3438387,2188315,1250072
C2308,08,000,State - RAJASTHAN,Rural,25-29,3832693,1981853,1850840,1410165,337349,1072816,2422528,1644504,778024
C2308,08,000,State - RAJASTHAN,Rural,30-34,3412817,1716111,1696706,1540730,386658,1154072,1872087,1329453,542634
C2308,08,000,State - RAJASTHAN,Rural,35-39,3130395,1585834,1544561,1632144,456634,1175510,1498251,1129200,369051
C2308,08,000,State - RAJASTHAN,Rural,40-44,2704801,1390594,1314207,1585042,513986,1071056,1119759,876608,243151
C2308,08,000,State - RAJASTHAN,Rural,45-49,2265671,1150068,1115603,1449722,493627,956095,815949,656441,159508
C2308,08,000,State - RAJASTHAN,Rural,50-54,1817629,968094,849535,1217406,470047,747359,600223,498047,102176
C2308,08,000,State - RAJASTHAN,Rural,55-59,1383879,668669,715210,980435,334733,645702,403444,333936,69508
C2308,08,000,State - RAJASTHAN,Rural,60-64,1343329,666272,677057,1013789,389716,624073,329540,276556,52984
C2308,08,000,State - RAJASTHAN,Rural,65-69,971320,448876,522444,763986,276436,487550,207334,172440,34894
C2308,08,000,State - RAJASTHAN,Rural,70-74,795430,382456,412974,659162,266345,392817,136268,116111,20157
C2308,08,000,State - RAJASTHAN,Rural,75-79,364642,162014,202628,305822,112624,193198,58820,49390,9430
C2308,08,000,State - RAJASTHAN,Rural,80+,449071,193050,256021,380961,139377,241584,68110,53673,14437
C2308,08,000,State - RAJASTHAN,Rural,Age not stated,214487,108656,105831,97746,35917,61829,116741,72739,44002
C2308,08,000,State - RAJASTHAN,Urban,All ages,17048085,8909250,8138835,5244589,2125427,3119162,11803496,6783823,5019673
C2308,08,000,State - RAJASTHAN,Urban,0-6,2234621,1192577,1042044,2234621,1192577,1042044,0,0,0
C2308,08,000,State - RAJASTHAN,Urban,7,335558,178280,157278,84785,42727,42058,250773,135553,115220
C2308,08,000,State - RAJASTHAN,Urban,8,366326,196241,170085,51968,24892,27076,314358,171349,143009
C2308,08,000,State - RAJASTHAN,Urban,9,311100,167638,143462,31775,15077,16698,279325,152561,126764
C2308,08,000,State - RAJASTHAN,Urban,10,417409,225969,191440,46287,21797,24490,371122,204172,166950
C2308,08,000,State - RAJASTHAN,Urban,11,338874,181584,157290,26997,12232,14765,311877,169352,142525
C2308,08,000,State - RAJASTHAN,Urban,12,385277,207029,178248,33950,15096,18854,351327,191933,159394
C2308,08,000,State - RAJASTHAN,Urban,13,346493,181740,164753,27645,11440,16205,318848,170300,148548
C2308,08,000,State - RAJASTHAN,Urban,14,355276,187642,167634,29394,12062,17332,325882,175580,150302
C2308,08,000,State - RAJASTHAN,Urban,15,378389,203225,175164,36316,15465,20851,342073,187760,154313
C2308,08,000,State - RAJASTHAN,Urban,16,365299,194995,170304,34268,14358,19910,331031,180637,150394
C2308,08,000,State - RAJASTHAN,Urban,17,326204,175607,150597,28325,11642,16683,297879,163965,133914
C2308,08,000,State - RAJASTHAN,Urban,18,430879,231053,199826,50297,19987,30310,380582,211066,169516
C2308,08,000,State - RAJASTHAN,Urban,19,316311,166911,149400,32003,11294,20709,284308,155617,128691
C2308,08,000,State - RAJASTHAN,Urban,20-24,1743733,905809,837924,233899,75971,157928,1509834,829838,679996
C2308,08,000,State - RAJASTHAN,Urban,25-29,1515804,781206,734598,253997,73271,180726,1261807,707935,553872
C2308,08,000,State - RAJASTHAN,Urban,30-34,1309866,668458,641408,272979,73317,199662,1036887,595141,441746
C2308,08,000,State - RAJASTHAN,Urban,35-39,1204169,615956,588213,296410,80034,216376,907759,535922,371837
C2308,08,000,State - RAJASTHAN,Urban,40-44,1030554,536322,494232,281304,80424,200880,749250,455898,293352
C2308,08,000,State - RAJASTHAN,Urban,45-49,879733,458444,421289,255496,71594,183902,624237,386850,237387
C2308,08,000,State - RAJASTHAN,Urban,50-54,699179,376913,322266,209134,63251,145883,490045,313662,176383
C2308,08,000,State - RAJASTHAN,Urban,55-59,513570,267197,246373,161486,41440,120046,352084,225757,126327
C2308,08,000,State - RAJASTHAN,Urban,60-64,426810,217752,209058,160602,45462,115140,266208,172290,93918
C2308,08,000,State - RAJASTHAN,Urban,65-69,289056,140595,148461,120003,31032,88971,169053,109563,59490
C2308,08,000,State - RAJASTHAN,Urban,70-74,221485,107555,113930,105957,30003,75954,115528,77552,37976
C2308,08,000,State - RAJASTHAN,Urban,75-79,113013,54002,59011,52369,13336,39033,60644,40666,19978
C2308,08,000,State - RAJASTHAN,Urban,80+,137982,59691,78291,75935,19426,56509,62047,40265,21782
C2308,08,000,State - RAJASTHAN,Urban,Age not stated,55115,28859,26256,16387,6220,10167,38728,22639,16089
C2308,09,000,State - UTTAR PRADESH,Total,All ages,199812341,104480510,95331831,85414786,36245546,49169240,114397555,68234964,46162591
C2308,09,000,State - UTTAR PRADESH,Total,0-6,30791331,16185581,14605750,30791331,16185581,14605750,0,0,0
C2308,09,000,State - UTTAR PRADESH,Total,7,4783808,2516369,2267439,1445315,725690,719625,3338493,1790679,1547814
C2308,09,000,State - UTTAR PRADESH,Total,8,5514540,2915118,2599422,1070126,527798,542328,4444414,2387320,2057094
C2308,09,000,State - UTTAR PRADESH,Total,9,4348706,2293737,2054969,649205,316578,332627,3699501,1977159,1722342
C2308,09,000,State - UTTAR PRADESH,Total,10,6347278,3397755,2949523,952884,468574,484310,5394394,2929181,2465213
C2308,09,000,State - UTTAR PRADESH,Total,11,4559292,2425324,2133968,543506,260240,283266,4015786,2165084,1850702
C2308,09,000,State - UTTAR PRADESH,Total,12,5559995,2961012,2598983,634196,297942,336254,4925799,2663070,2262729
C2308,09,000,State - UTTAR PRADESH,Total,13,4432612,2301450,2131162,474140,212818,261322,3958472,2088632,1869840
C2308,09,000,State - UTTAR PRADESH,Total,14,4970704,2593613,2377091,581996,259613,322383,4388708,2334000,2054708
C2308,09,000,State - UTTAR PRADESH,Total,15,5187609,2760508,2427101,700868,321769,379099,4486741,2438739,2048002
C2308,09,000,State - UTTAR PRADESH,Total,16,4953132,2591691,2361441,687558,302979,384579,4265574,2288712,1976862
C2308,09,000,State - UTTAR PRADESH,Total,17,3885778,2058384,1827394,536536,230927,305609,3349242,1827457,1521785
C2308,09,000,State - UTTAR PRADESH,Total,18,5594440,3063915,2530525,950233,407326,542907,4644207,2656589,1987618
C2308,09,000,State - UTTAR PRADESH,Total,19,3419421,1833075,1586346,593728,230475,363253,2825693,1602600,1223093
C2308,09,000,State - UTTAR PRADESH,Total,20-24,17578648,9405485,8173163,4015229,1409787,2605442,13563419,7995698,5567721
C2308,09,000,State - UTTAR PRADESH,Total,25-29,14579829,7466367,7113462,4606563,1451516,3155047,9973266,6014851,3958415
C2308,09,000,State - UTTAR PRADESH,Total,30-34,12954682,6431401,6523281,4992341,1524785,3467556,7962341,4906616,3055725
C2308,09,000,State - UTTAR PRADESH,Total,35-39,12556222,6401231,6154991,5405391,1741651,3663740,7150831,4659580,2491251
C2308,09,000,State - UTTAR PRADESH,Total,40-44,10231402,5395162,4836240,4731361,1657418,3073943,5500041,3737744,1762297
C2308,09,000,State - UTTAR PRADESH,Total,45-49,8449777,4382148,4067629,4133452,1394811,2738641,4316325,2987337,1328988
C2308,09,000,State - UTTAR PRADESH,Total,50-54,6587023,3571917,3015106,3334928,1244378,2090550,3252095,2327539,924556
C2308,09,000,State - UTTAR PRADESH,Total,55-59,5464146,2626201,2837945,3052149,919781,2132368,2411997,1706420,705577
C2308,09,000,State - UTTAR PRADESH,Total,60-64,5705191,2968771,2736420,3520257,1338395,2181862,2184934,1630376,554558
C2308,09,000,State - UTTAR PRADESH,Total,65-69,3839969,1958472,1881497,2464236,925447,1538789,1375733,1033025,342708
C2308,09,000,State - UTTAR PRADESH,Total,70-74,2832368,1535092,1297276,1905528,812415,1093113,926840,722677,204163
C2308,09,000,State - UTTAR PRADESH,Total,75-79,1249892,638877,611015,834470,324568,509902,415422,314309,101113
C2308,09,000,State - UTTAR PRADESH,Total,80+,1812484,935921,876563,1170668,484323,686345,641816,451598,190218
C2308,09,000,State - UTTAR PRADESH,Total,Age not stated,1622062,865933,756129,636591,267961,368630,985471,597972,387499
C2308,09,000,State - UTTAR PRADESH,Rural,All ages,155317278,80992995,74324283,70032598,29199307,40833291,85284680,51793688,33490992
C2308,09,000,State - UTTAR PRADESH,Rural,0-6,25040583,13135595,11904988,25040583,13135595,11904988,0,0,0
C2308,09,000,State - UTTAR PRADESH,Rural,7,3860414,2027496,1832918,1151707,575936,575771,2708707,1451560,1257147
C2308,09,000,State - UTTAR PRADESH,Rural,8,4513772,2380288,2133484,836501,409046,427455,3677271,1971242,1706029
C2308,09,000,State - UTTAR PRADESH,Rural,9,3503910,1841587,1662323,489613,235152,254461,3014297,1606435,1407862
C2308,09,000,State - UTTAR PRADESH,Rural,10,5169860,2759258,2410602,725220,351273,373947,4444640,2407985,2036655
C2308,09,000,State - UTTAR PRADESH,Rural,11,3641991,1931080,1710911,398195,185758,212437,3243796,1745322,1498474
C2308,09,000,State - UTTAR PRADESH,Rural,12,4490182,2386413,2103769,465319,210627,254692,4024863,2175786,1849077
C2308,09,000,State - UTTAR PRADESH,Rural,13,3531480,1831197,1700283,342531,146840,195691,3188949,1684357,1504592
C2308,09,000,State - UTTAR PRADESH,Rural,14,3940427,2054374,1886053,420689,179261,241428,3519738,1875113,1644625
C2308,09,000,State - UTTAR PRADESH,Rural,15,4118163,2194591,1923572,523597,231767,291830,3594566,1962824,1631742
C2308,09,000,State - UTTAR PRADESH,Rural,16,3878443,2029596,1848847,505400,211659,293741,3373043,1817937,1555106
C2308,09,000,State - UTTAR PRADESH,Rural,17,2950680,1562188,1388492,389843,156469,233374,2560837,1405719,1155118
C2308,09,000,State - UTTAR PRADESH,Rural,18,4309295,2360208,1949087,717710,286564,431146,3591585,2073644,1517941
C2308,09,000,State - UTTAR PRADESH,Rural,19,2522503,1346835,1175668,444331,156081,288250,2078172,1190754,887418
C2308,09,000,State - UTTAR PRADESH,Rural,20-24,12989044,6927701,6061343,3166603,1011779,2154824,9822441,5915922,3906519
C2308,09,000,State - UTTAR PRADESH,Rural,25-29,10860729,5531452,5329277,3796624,1121161,2675463,7064105,4410291,2653814
C2308,09,000,State - UTTAR PRADESH,Rural,30-34,9810399,4825061,4985338,4196523,1225505,2971018,5613876,3599556,2014320
C2308,09,000,State - UTTAR PRADESH,Rural,35-39,9523701,4848208,4675493,4530690,1418928,3111762,4993011,3429280,1563731
C2308,09,000,State - UTTAR PRADESH,Rural,40-44,7685262,4053994,3631268,3940298,1353672,2586626,3744964,2700322,1044642
C2308,09,000,State - UTTAR PRADESH,Rural,45-49,6278251,3240893,3037358,3440520,1141908,2298612,2837731,2098985,738746
C2308,09,000,State - UTTAR PRADESH,Rural,50-54,4912691,2662431,2250260,2792314,1038698,1753616,2120377,1623733,496644
C2308,09,000,State - UTTAR PRADESH,Rural,55-59,4166600,1960534,2206066,2600984,778009,1822975,1565616,1182525,383091
C2308,09,000,State - UTTAR PRADESH,Rural,60-64,4555476,2363521,2191955,3049995,1167531,1882464,1505481,1195990,309491
C2308,09,000,State - UTTAR PRADESH,Rural,65-69,3116965,1583084,1533881,2163306,822866,1340440,953659,760218,193441
C2308,09,000,State - UTTAR PRADESH,Rural,70-74,2317686,1262445,1055241,1671894,727785,944109,645792,534660,111132
C2308,09,000,State - UTTAR PRADESH,Rural,75-79,1008251,514186,494065,730781,290032,440749,277470,224154,53316
C2308,09,000,State - UTTAR PRADESH,Rural,80+,1448090,754399,693691,1009051,427162,581889,439039,327237,111802
C2308,09,000,State - UTTAR PRADESH,Rural,Age not stated,1172430,624380,548050,491776,202243,289533,680654,422137,258517
C2308,09,000,State - UTTAR PRADESH,Urban,All ages,44495063,23487515,21007548,15382188,7046239,8335949,29112875,16441276,12671599
C2308,09,000,State - UTTAR PRADESH,Urban,0-6,5750748,3049986,2700762,5750748,3049986,2700762,0,0,0
C2308,09,000,State - UTTAR PRADESH,Urban,7,923394,488873,434521,293608,149754,143854,629786,339119,290667
C2308,09,000,State - UTTAR PRADESH,Urban,8,1000768,534830,465938,233625,118752,114873,767143,416078,351065
C2308,09,000,State - UTTAR PRADESH,Urban,9,844796,452150,392646,159592,81426,78166,685204,370724,314480
C2308,09,000,State - UTTAR PRADESH,Urban,10,1177418,638497,538921,227664,117301,110363,949754,521196,428558
C2308,09,000,State - UTTAR PRADESH,Urban,11,917301,494244,423057,145311,74482,70829,771990,419762,352228
C2308,09,000,State - UTTAR PRADESH,Urban,12,1069813,574599,495214,168877,87315,81562,900936,487284,413652
C2308,09,000,State - UTTAR PRADESH,Urban,13,901132,470253,430879,131609,65978,65631,769523,404275,365248
C2308,09,000,State - UTTAR PRADESH,Urban,14,1030277,539239,491038,161307,80352,80955,868970,458887,410083
C2308,09,000,State - UTTAR PRADESH,Urban,15,1069446,565917,503529,177271,90002,87269,892175,475915,416260
C2308,09,000,State - UTTAR PRADESH,Urban,16,1074689,562095,512594,182158,91320,90838,892531,470775,421756
C2308,09,000,State - UTTAR PRADESH,Urban,17,935098,496196,438902,146693,74458,72235,788405,421738,366667
C2308,09,000,State - UTTAR PRADESH,Urban,18,1285145,703707,581438,232523,120762,111761,1052622,582945,469677
C2308,09,000,State - UTTAR PRADESH,Urban,19,896918,486240,410678,149397,74394,75003,747521,411846,335675
C2308,09,000,State - UTTAR PRADESH,Urban,20-24,4589604,2477784,2111820,848626,398008,450618,3740978,2079776,1661202
C2308,09,000,State - UTTAR PRADESH,Urban,25-29,3719100,1934915,1784185,809939,330355,479584,2909161,1604560,1304601
C2308,09,000,State - UTTAR PRADESH,Urban,30-34,3144283,1606340,1537943,795818,299280,496538,2348465,1307060,1041405
C2308,09,000,State - UTTAR PRADESH,Urban,35-39,3032521,1553023,1479498,874701,322723,551978,2157820,1230300,927520
C2308,09,000,State - UTTAR PRADESH,Urban,40-44,2546140,1341168,1204972,791063,303746,487317,1755077,1037422,717655
C2308,09,000,State - UTTAR PRADESH,Urban,45-49,2171526,1141255,1030271,692932,252903,440029,1478594,888352,590242
C2308,09,000,State - UTTAR PRADESH,Urban,50-54,1674332,909486,764846,542614,205680,336934,1131718,703806,427912
C2308,09,000,State - UTTAR PRADESH,Urban,55-59,1297546,665667,631879,451165,141772,309393,846381,523895,322486
C2308,09,000,State - UTTAR PRADESH,Urban,60-64,1149715,605250,544465,470262,170864,299398,679453,434386,245067
C2308,09,000,State - UTTAR PRADESH,Urban,65-69,723004,375388,347616,300930,102581,198349,422074,272807,149267
C2308,09,000,State - UTTAR PRADESH,Urban,70-74,514682,272647,242035,233634,84630,149004,281048,188017,93031
C2308,09,000,State - UTTAR PRADESH,Urban,75-79,241641,124691,116950,103689,34536,69153,137952,90155,47797
C2308,09,000,State - UTTAR PRADESH,Urban,80+,364394,181522,182872,161617,57161,104456,202777,124361,78416
C2308,09,000,State - UTTAR PRADESH,Urban,Age not stated,449632,241553,208079,144815,65718,79097,304817,175835,128982
C2308,10,000,State - BIHAR,Total,All ages,104099452,54278157,49821295,51594899,22670134,28924765,52504553,31608023,20896530
C2308,10,000,State - BIHAR,Total,0-6,19133964,9887239,9246725,19133964,9887239,9246725,0,0,0
C2308,10,000,State - BIHAR,Total,7,2736174,1411042,1325132,1005031,491296,513735,1731143,919746,811397
C2308,10,000,State - BIHAR,Total,8,3472198,1798593,1673605,835225,397464,437761,2636973,1401129,1235844
C2308,10,000,State - BIHAR,Total,9,2458970,1276356,1182614,481660,225574,256086,1977310,1050782,926528
C2308,10,000,State - BIHAR,Total,10,3848668,2027478,1821190,737912,348151,389761,3110756,1679327,1431429
C2308,10,000,State - BIHAR,Total,11,2385653,1256269,1129384,383282,176833,206449,2002371,1079436,922935
C2308,10,000,State - BIHAR,Total,12,3188267,1683310,1504957,506062,229297,276765,2682205,1454013,1228192
C2308,10,000,State - BIHAR,Total,13,2185027,1135187,1049840,320722,140611,180111,1864305,994576,869729
C2308,10,000,State - BIHAR,Total,14,2312267,1221587,1090680,375393,168787,206606,1936874,1052800,884074
C2308,10,000,State - BIHAR,Total,15,2326025,1289350,1036675,457692,220928,236764,1868333,1068422,799911
C2308,10,000,State - BIHAR,Total,16,2046951,1143121,903830,415426,200069,215357,1631525,943052,688473
C2308,10,000,State - BIHAR,Total,17,1408901,798482,610419,285413,133321,152092,1123488,665161,458327
C2308,10,000,State - BIHAR,Total,18,2294012,1320854,973158,593531,267942,325589,1700481,1052912,647569
C2308,10,000,State - BIHAR,Total,19,1396806,738774,658032,382114,140293,241821,1014692,598481,416211
C2308,10,000,State - BIHAR,Total,20-24,8064735,4210585,3854150,2725795,979683,1746112,5338940,3230902,2108038
C2308,10,000,State - BIHAR,Total,25-29,7671705,3828687,3843018,3085422,1071700,2013722,4586283,2756987,1829296
C2308,10,000,State - BIHAR,Total,30-34,7055737,3510596,3545141,3107403,1099413,2007990,3948334,2411183,1537151
C2308,10,000,State - BIHAR,Total,35-39,6457261,3308161,3149100,3070790,1134401,1936389,3386471,2173760,1212711
C2308,10,000,State - BIHAR,Total,40-44,5165692,2756809,2408883,2633359,1044660,1588699,2532333,1712149,820184
C2308,10,000,State - BIHAR,Total,45-49,4270374,2209994,2060380,2341117,882493,1458624,1929257,1327501,601756
C2308,10,000,State - BIHAR,Total,50-54,3312740,1808425,1504315,1886866,786208,1100658,1425874,1022217,403657
C2308,10,000,State - BIHAR,Total,55-59,2796678,1330356,1466322,1686706,550956,1135750,1109972,779400,330572
C2308,10,000,State - BIHAR,Total,60-64,3008008,1559925,1448083,1912369,747044,1165325,1095639,812881,282758
C2308,10,000,State - BIHAR,Total,65-69,2089779,1103718,986061,1344287,530410,813877,745492,573308,172184
C2308,10,000,State - BIHAR,Total,70-74,1379531,784383,595148,915536,410352,505184,463995,374031,89964
C2308,10,000,State - BIHAR,Total,75-79,550479,297973,252506,355913,143830,212083,194566,154143,40423
C2308,10,000,State - BIHAR,Total,80+,679348,360594,318754,437129,180367,256762,242219,180227,61992
C2308,10,000,State - BIHAR,Total,Age not stated,403502,220309,183193,178780,80812,97968,224722,139497,85225
C2308,10,000,State - BIHAR,Rural,All ages,92341436,48073850,44267586,47529284,20832020,26697264,44812152,27241830,17570322
C2308,10,000,State - BIHAR,Rural,0-6,17383701,8971671,8412030,17383701,8971671,8412030,0,0,0
C2308,10,000,State - BIHAR,Rural,7,2472268,1273456,1198812,924413,451002,473411,1547855,822454,725401
C2308,10,000,State - BIHAR,Rural,8,3152704,1630750,1521954,772517,366289,406228,2380187,1264461,1115726
C2308,10,000,State - BIHAR,Rural,9,2222416,1151911,1070505,445156,207546,237610,1777260,944365,832895
C2308,10,000,State - BIHAR,Rural,10,3486052,1834339,1651713,681356,319494,361862,2804696,1514845,1289851
C2308,10,000,State - BIHAR,Rural,11,2138971,1125945,1013026,353757,162211,191546,1785214,963734,821480
C2308,10,000,State - BIHAR,Rural,12,2863651,1512521,1351130,467420,209888,257532,2396231,1302633,1093598
C2308,10,000,State - BIHAR,Rural,13,1943012,1010688,932324,296258,128601,167657,1646754,882087,764667
C2308,10,000,State - BIHAR,Rural,14,2041261,1080482,960779,345352,153672,191680,1695909,926810,769099
C2308,10,000,State - BIHAR,Rural,15,2054655,1143650,911005,422617,202424,220193,1632038,941226,690812
C2308,10,000,State - BIHAR,Rural,16,1785492,1003054,782438,381783,182260,199523,1403709,820794,582915
C2308,10,000,State - BIHAR,Rural,17,1205355,687338,518017,261042,120644,140398,944313,566694,377619
C2308,10,000,State - BIHAR,Rural,18,1994318,1153623,840695,545739,243472,302267,1448579,910151,538428
C2308,10,000,State - BIHAR,Rural,19,1203909,634833,569076,354028,127623,226405,849881,507210,342671
C2308,10,000,State - BIHAR,Rural,20-24,7011053,3644529,3366524,2534768,899008,1635760,4476285,2745521,1730764
C2308,10,000,State - BIHAR,Rural,25-29,6722688,3340162,3382526,2879172,993748,1885424,3843516,2346414,1497102
C2308,10,000,State - BIHAR,Rural,30-34,6203044,3074406,3128638,2901756,1022621,1879135,3301288,2051785,1249503
C2308,10,000,State - BIHAR,Rural,35-39,5671251,2902365,2768886,2860968,1057044,1803924,2810283,1845321,964962
C2308,10,000,State - BIHAR,Rural,40-44,4510868,2404576,2106292,2445186,971759,1473427,2065682,1432817,632865
C2308,10,000,State - BIHAR,Rural,45-49,3721533,1918799,1802734,2173473,822993,1350480,1548060,1095806,452254
C2308,10,000,State - BIHAR,Rural,50-54,2885694,1575237,1310457,1748193,734593,1013600,1137501,840644,296857
C2308,10,000,State - BIHAR,Rural,55-59,2450329,1151517,1298812,1569379,516581,1052798,880950,634936,246014
C2308,10,000,State - BIHAR,Rural,60-64,2677437,1385714,1291723,1779728,701857,1077871,897709,683857,213852
C2308,10,000,State - BIHAR,Rural,65-69,1870640,986570,884070,1254974,500398,754576,615666,486172,129494
C2308,10,000,State - BIHAR,Rural,70-74,1231828,701151,530677,850600,386372,464228,381228,314779,66449
C2308,10,000,State - BIHAR,Rural,75-79,486894,263161,223733,330280,135410,194870,156614,127751,28863
C2308,10,000,State - BIHAR,Rural,80+,601387,320855,280532,402359,168949,233410,199028,151906,47122
C2308,10,000,State - BIHAR,Rural,Age not stated,349025,190547,158478,163309,73890,89419,185716,116657,69059
C2308,10,000,State - BIHAR,Urban,All ages,11758016,6204307,5553709,4065615,1838114,2227501,7692401,4366193,3326208
C2308,10,000,State - BIHAR,Urban,0-6,1750263,915568,834695,1750263,915568,834695,0,0,0
C2308,10,000,State - BIHAR,Urban,7,263906,137586,126320,80618,40294,40324,183288,97292,85996
C2308,10,000,State - BIHAR,Urban,8,319494,167843,151651,62708,31175,31533,256786,136668,120118
C2308,10,000,State - BIHAR,Urban,9,236554,124445,112109,36504,18028,18476,200050,106417,93633
C2308,10,000,State - BIHAR,Urban,10,362616,193139,169477,56556,28657,27899,306060,164482,141578
C2308,10,000,State - BIHAR,Urban,11,246682,130324,116358,29525,14622,14903,217157,115702,101455
C2308,10,000,State - BIHAR,Urban,12,324616,170789,153827,38642,19409,19233,285974,151380,134594
C2308,10,000,State - BIHAR,Urban,13,242015,124499,117516,24464,12010,12454,217551,112489,105062
C2308,10,000,State - BIHAR,Urban,14,271006,141105,129901,30041,15115,14926,240965,125990,114975
C2308,10,000,State - BIHAR,Urban,15,271370,145700,125670,35075,18504,16571,236295,127196,109099
C2308,10,000,State - BIHAR,Urban,16,261459,140067,121392,33643,17809,15834,227816,122258,105558
C2308,10,000,State - BIHAR,Urban,17,203546,111144,92402,24371,12677,11694,179175,98467,80708
C2308,10,000,State - BIHAR,Urban,18,299694,167231,132463,47792,24470,23322,251902,142761,109141
C2308,10,000,State - BIHAR,Urban,19,192897,103941,88956,28086,12670,15416,164811,91271,73540
C2308,10,000,State - BIHAR,Urban,20-24,1053682,566056,487626,191027,80675,110352,862655,485381,377274
C2308,10,000,State - BIHAR,Urban,25-29,949017,488525,460492,206250,77952,128298,742767,410573,332194
C2308,10,000,State - BIHAR,Urban,30-34,852693,436190,416503,205647,76792,128855,647046,359398,287648
C2308,10,000,State - BIHAR,Urban,35-39,786010,405796,380214,209822,77357,132465,576188,328439,247749
C2308,10,000,State - BIHAR,Urban,40-44,654824,352233,302591,188173,72901,115272,466651,279332,187319
C2308,10,000,State - BIHAR,Urban,45-49,548841,291195,257646,167644,59500,108144,381197,231695,149502
C2308,10,000,State - BIHAR,Urban,50-54,427046,233188,193858,138673,51615,87058,288373,181573,106800
C2308,10,000,State - BIHAR,Urban,55-59,346349,178839,167510,117327,34375,82952,229022,144464,84558
C2308,10,000,State - BIHAR,Urban,60-64,330571,174211,156360,132641,45187,87454,197930,129024,68906
C2308,10,000,State - BIHAR,Urban,65-69,219139,117148,101991,89313,30012,59301,129826,87136,42690
C2308,10,000,State - BIHAR,Urban,70-74,147703,83232,64471,64936,23980,40956,82767,59252,23515
C2308,10,000,State - BIHAR,Urban,75-79,63585,34812,28773,25633,8420,17213,37952,26392,11560
C2308,10,000,State - BIHAR,Urban,80+,77961,39739,38222,34770,11418,23352,43191,28321,14870
C2308,10,000,State - BIHAR,Urban,Age not stated,54477,29762,24715,15471,6922,8549,39006,22840,16166
C2308,11,000,State - SIKKIM,Total,All ages,610577,323070,287507,165625,71801,93824,444952,251269,193683
C2308,11,000,State - SIKKIM,Total,0-6,64111,32761,31350,64111,32761,31350,0,0,0
C2308,11,000,State - SIKKIM,Total,7,11728,5951,5777,2564,1304,1260,9164,4647,4517
C2308,11,000,State - SIKKIM,Total,8,11022,5525,5497,1147,599,548,9875,4926,4949
C2308,11,000,State - SIKKIM,Total,9,12153,6136,6017,1178,604,574,10975,5532,5443
C2308,11,000,State - SIKKIM,Total,10,13543,6929,6614,1109,551,558,12434,6378,6056
C2308,11,000,State - SIKKIM,Total,11,13165,6684,6481,663,347,316,12502,6337,6165
C2308,11,000,State - SIKKIM,Total,12,13400,6846,6554,474,236,238,12926,6610,6316
C2308,11,000,State - SIKKIM,Total,13,13312,6722,6590,470,234,236,12842,6488,6354
C2308,11,000,State - SIKKIM,Total,14,13503,6784,6719,497,232,265,13006,6552,6454
C2308,11,000,State - SIKKIM,Total,15,13323,6715,6608,625,292,333,12698,6423,6275
C2308,11,000,State - SIKKIM,Total,16,13428,6667,6761,609,282,327,12819,6385,6434
C2308,11,000,State - SIKKIM,Total,17,13144,6784,6360,610,290,320,12534,6494,6040
C2308,11,000,State - SIKKIM,Total,18,14254,7347,6907,791,393,398,13463,6954,6509
C2308,11,000,State - SIKKIM,Total,19,12788,6485,6303,661,302,359,12127,6183,5944
C2308,11,000,State - SIKKIM,Total,20-24,67297,35146,32151,4483,1910,2573,62814,33236,29578
C2308,11,000,State - SIKKIM,Total,25-29,64639,34700,29939,6169,2349,3820,58470,32351,26119
C2308,11,000,State - SIKKIM,Total,30-34,52225,28562,23663,6730,2305,4425,45495,26257,19238
C2308,11,000,State - SIKKIM,Total,35-39,43627,23396,20231,8124,2535,5589,35503,20861,14642
C2308,11,000,State - SIKKIM,Total,40-44,36552,20170,16382,9550,2948,6602,27002,17222,9780
C2308,11,000,State - SIKKIM,Total,45-49,29462,16114,13348,10393,3430,6963,19069,12684,6385
C2308,11,000,State - SIKKIM,Total,50-54,24432,13624,10808,10440,3817,6623,13992,9807,4185
C2308,11,000,State - SIKKIM,Total,55-59,17541,9913,7628,8487,3202,5285,9054,6711,2343
C2308,11,000,State - SIKKIM,Total,60-64,13550,7441,6109,7785,3096,4689,5765,4345,1420
C2308,11,000,State - SIKKIM,Total,65-69,10483,5593,4890,6331,2494,3837,4152,3099,1053
C2308,11,000,State - SIKKIM,Total,70-74,7561,4304,3257,5016,2248,2768,2545,2056,489
C2308,11,000,State - SIKKIM,Total,75-79,4516,2556,1960,3174,1466,1708,1342,1090,252
C2308,11,000,State - SIKKIM,Total,80+,4642,2578,2064,3132,1428,1704,1510,1150,360
C2308,11,000,State - SIKKIM,Total,Age not stated,1176,637,539,302,146,156,874,491,383
C2308,11,000,State - SIKKIM,Rural,All ages,456999,242797,214202,135069,58552,76517,321930,184245,137685
C2308,11,000,State - SIKKIM,Rural,0-6,49218,25061,24157,49218,25061,24157,0,0,0
C2308,11,000,State - SIKKIM,Rural,7,9208,4673,4535,2099,1076,1023,7109,3597,3512
C2308,11,000,State - SIKKIM,Rural,8,8556,4282,4274,970,511,459,7586,3771,3815
C2308,11,000,State - SIKKIM,Rural,9,9558,4859,4699,961,503,458,8597,4356,4241
C2308,11,000,State - SIKKIM,Rural,10,10644,5444,5200,881,446,435,9763,4998,4765
C2308,11,000,State - SIKKIM,Rural,11,10281,5227,5054,534,281,253,9747,4946,4801
C2308,11,000,State - SIKKIM,Rural,12,10426,5393,5033,358,186,172,10068,5207,4861
C2308,11,000,State - SIKKIM,Rural,13,10349,5257,5092,342,189,153,10007,5068,4939
C2308,11,000,State - SIKKIM,Rural,14,10491,5267,5224,368,197,171,10123,5070,5053
C2308,11,000,State - SIKKIM,Rural,15,10200,5206,4994,444,232,212,9756,4974,4782
C2308,11,000,State - SIKKIM,Rural,16,10227,5115,5112,432,224,208,9795,4891,4904
C2308,11,000,State - SIKKIM,Rural,17,9956,5174,4782,438,238,200,9518,4936,4582
C2308,11,000,State - SIKKIM,Rural,18,10771,5593,5178,589,311,278,10182,5282,4900
C2308,11,000,State - SIKKIM,Rural,19,9605,4855,4750,504,233,271,9101,4622,4479
C2308,11,000,State - SIKKIM,Rural,20-24,49839,26301,23538,3542,1507,2035,46297,24794,21503
C2308,11,000,State - SIKKIM,Rural,25-29,46628,25475,21153,5045,1951,3094,41583,23524,18059
C2308,11,000,State - SIKKIM,Rural,30-34,37412,20788,16624,5548,1936,3612,31864,18852,13012
C2308,11,000,State - SIKKIM,Rural,35-39,30928,16613,14315,6769,2107,4662,24159,14506,9653
C2308,11,000,State - SIKKIM,Rural,40-44,26111,14402,11709,8100,2437,5663,18011,11965,6046
C2308,11,000,State - SIKKIM,Rural,45-49,21104,11394,9710,8880,2924,5956,12224,8470,3754
C2308,11,000,State - SIKKIM,Rural,50-54,18081,10021,8060,9119,3363,5756,8962,6658,2304
C2308,11,000,State - SIKKIM,Rural,55-59,13219,7390,5829,7404,2862,4542,5815,4528,1287
C2308,11,000,State - SIKKIM,Rural,60-64,10875,5971,4904,6824,2763,4061,4051,3208,843
C2308,11,000,State - SIKKIM,Rural,65-69,8532,4584,3948,5562,2237,3325,2970,2347,623
C2308,11,000,State - SIKKIM,Rural,70-74,6280,3624,2656,4427,2060,2367,1853,1564,289
C2308,11,000,State - SIKKIM,Rural,75-79,3736,2150,1586,2758,1308,1450,978,842,136
C2308,11,000,State - SIKKIM,Rural,80+,3777,2147,1630,2688,1280,1408,1089,867,222
C2308,11,000,State - SIKKIM,Rural,Age not stated,987,531,456,265,129,136,722,402,320
C2308,11,000,State - SIKKIM,Urban,All ages,153578,80273,73305,30556,13249,17307,123022,67024,55998
C2308,11,000,State - SIKKIM,Urban,0-6,14893,7700,7193,14893,7700,7193,0,0,0
C2308,11,000,State - SIKKIM,Urban,7,2520,1278,1242,465,228,237,2055,1050,1005
C2308,11,000,State - SIKKIM,Urban,8,2466,1243,1223,177,88,89,2289,1155,1134
C2308,11,000,State - SIKKIM,Urban,9,2595,1277,1318,217,101,116,2378,1176,1202
C2308,11,000,State - SIKKIM,Urban,10,2899,1485,1414,228,105,123,2671,1380,1291
C2308,11,000,State - SIKKIM,Urban,11,2884,1457,1427,129,66,63,2755,1391,1364
C2308,11,000,State - SIKKIM,Urban,12,2974,1453,1521,116,50,66,2858,1403,1455
C2308,11,000,State - SIKKIM,Urban,13,2963,1465,1498,128,45,83,2835,1420,1415
C2308,11,000,State - SIKKIM,Urban,14,3012,1517,1495,129,35,94,2883,1482,1401
C2308,11,000,State - SIKKIM,Urban,15,3123,1509,1614,181,60,121,2942,1449,1493
C2308,11,000,State - SIKKIM,Urban,16,3201,1552,1649,177,58,119,3024,1494,1530
C2308,11,000,State - SIKKIM,Urban,17,3188,1610,1578,172,52,120,3016,1558,1458
C2308,11,000,State - SIKKIM,Urban,18,3483,1754,1729,202,82,120,3281,1672,1609
C2308,11,000,State - SIKKIM,Urban,19,3183,1630,1553,157,69,88,3026,1561,1465
C2308,11,000,State - SIKKIM,Urban,20-24,17458,8845,8613,941,403,538,16517,8442,8075
C2308,11,000,State - SIKKIM,Urban,25-29,18011,9225,8786,1124,398,726,16887,8827,8060
C2308,11,000,State - SIKKIM,Urban,30-34,14813,7774,7039,1182,369,813,13631,7405,6226
C2308,11,000,State - SIKKIM,Urban,35-39,12699,6783,5916,1355,428,927,11344,6355,4989
C2308,11,000,State - SIKKIM,Urban,40-44,10441,5768,4673,1450,511,939,8991,5257,3734
C2308,11,000,State - SIKKIM,Urban,45-49,8358,4720,3638,1513,506,1007,6845,4214,2631
C2308,11,000,State - SIKKIM,Urban,50-54,6351,3603,2748,1321,454,867,5030,3149,1881
C2308,11,000,State - SIKKIM,Urban,55-59,4322,2523,1799,1083,340,743,3239,2183,1056
C2308,11,000,State - SIKKIM,Urban,60-64,2675,1470,1205,961,333,628,1714,1137,577
C2308,11,000,State - SIKKIM,Urban,65-69,1951,1009,942,769,257,512,1182,752,430
C2308,11,000,State - SIKKIM,Urban,70-74,1281,680,601,589,188,401,692,492,200
C2308,11,000,State - SIKKIM,Urban,75-79,780,406,374,416,158,258,364,248,116
C2308,11,000,State - SIKKIM,Urban,80+,865,431,434,444,148,296,421,283,138
C2308,11,000,State - SIKKIM,Urban,Age not stated,189,106,83,37,17,20,152,89,63
C2308,12,000,State - ARUNACHAL PRADESH,Total,All ages,1383727,713912,669815,617722,274044,343678,766005,439868,326137
C2308,12,000,State - ARUNACHAL PRADESH,Total,0-6,212188,107624,104564,212188,107624,104564,0,0,0
C2308,12,000,State - ARUNACHAL PRADESH,Total,7,34077,17142,16935,15340,7496,7844,18737,9646,9091
C2308,12,000,State - ARUNACHAL PRADESH,Total,8,35939,18189,17750,11994,5695,6299,23945,12494,11451
C2308,12,000,State - ARUNACHAL PRADESH,Total,9,31798,16208,15590,8384,4029,4355,23414,12179,11235
C2308,12,000,State - ARUNACHAL PRADESH,Total,10,39407,20115,19292,9565,4573,4992,29842,15542,14300
C2308,12,000,State - ARUNACHAL PRADESH,Total,11,33595,17170,16425,6513,3010,3503,27082,14160,12922
C2308,12,000,State - ARUNACHAL PRADESH,Total,12,38453,19251,19202,6453,2849,3604,32000,16402,15598
C2308,12,000,State - ARUNACHAL PRADESH,Total,13,32977,16365,16612,4648,1991,2657,28329,14374,13955
C2308,12,000,State - ARUNACHAL PRADESH,Total,14,34927,17538,17389,4676,1979,2697,30251,15559,14692
C2308,12,000,State - ARUNACHAL PRADESH,Total,15,35678,18039,17639,5320,2329,2991,30358,15710,14648
C2308,12,000,State - ARUNACHAL PRADESH,Total,16,32577,16310,16267,4537,1903,2634,28040,14407,13633
C2308,12,000,State - ARUNACHAL PRADESH,Total,17,27940,14261,13679,4104,1741,2363,23836,12520,11316
C2308,12,000,State - ARUNACHAL PRADESH,Total,18,34053,17304,16749,6064,2456,3608,27989,14848,13141
C2308,12,000,State - ARUNACHAL PRADESH,Total,19,25720,12759,12961,4951,1913,3038,20769,10846,9923
C2308,12,000,State - ARUNACHAL PRADESH,Total,20-24,131696,66033,65663,30580,11537,19043,101116,54496,46620
C2308,12,000,State - ARUNACHAL PRADESH,Total,25-29,123714,63366,60348,36163,13019,23144,87551,50347,37204
C2308,12,000,State - ARUNACHAL PRADESH,Total,30-34,101171,52462,48709,34994,12488,22506,66177,39974,26203
C2308,12,000,State - ARUNACHAL PRADESH,Total,35-39,94391,48211,46180,39052,13757,25295,55339,34454,20885
C2308,12,000,State - ARUNACHAL PRADESH,Total,40-44,78603,42861,35742,36998,14176,22822,41605,28685,12920
C2308,12,000,State - ARUNACHAL PRADESH,Total,45-49,63679,35173,28506,34064,13459,20605,29615,21714,7901
C2308,12,000,State - ARUNACHAL PRADESH,Total,50-54,46110,26487,19623,28525,12575,15950,17585,13912,3673
C2308,12,000,State - ARUNACHAL PRADESH,Total,55-59,29886,16996,12890,20715,9399,11316,9171,7597,1574
C2308,12,000,State - ARUNACHAL PRADESH,Total,60-64,25445,13492,11953,20181,9295,10886,5264,4197,1067
C2308,12,000,State - ARUNACHAL PRADESH,Total,65-69,14973,7642,7331,12081,5452,6629,2892,2190,702
C2308,12,000,State - ARUNACHAL PRADESH,Total,70-74,10647,5547,5100,9049,4300,4749,1598,1247,351
C2308,12,000,State - ARUNACHAL PRADESH,Total,75-79,5135,2687,2448,4391,2100,2291,744,587,157
C2308,12,000,State - ARUNACHAL PRADESH,Total,80+,7439,3821,3618,5620,2636,2984,1819,1185,634
C2308,12,000,State - ARUNACHAL PRADESH,Total,Age not stated,1509,859,650,572,263,309,937,596,341
C2308,12,000,State - ARUNACHAL PRADESH,Rural,All ages,1066358,546011,520347,530456,236621,293835,535902,309390,226512
C2308,12,000,State - ARUNACHAL PRADESH,Rural,0-6,172289,87241,85048,172289,87241,85048,0,0,0
C2308,12,000,State - ARUNACHAL PRADESH,Rural,7,27301,13811,13490,13417,6591,6826,13884,7220,6664
C2308,12,000,State - ARUNACHAL PRADESH,Rural,8,29123,14781,14342,10734,5138,5596,18389,9643,8746
C2308,12,000,State - ARUNACHAL PRADESH,Rural,9,25408,12997,12411,7475,3610,3865,17933,9387,8546
C2308,12,000,State - ARUNACHAL PRADESH,Rural,10,31540,16093,15447,8488,4078,4410,23052,12015,11037
C2308,12,000,State - ARUNACHAL PRADESH,Rural,11,26291,13515,12776,5757,2699,3058,20534,10816,9718
C2308,12,000,State - ARUNACHAL PRADESH,Rural,12,30343,15243,15100,5764,2586,3178,24579,12657,11922
C2308,12,000,State - ARUNACHAL PRADESH,Rural,13,25209,12612,12597,4064,1783,2281,21145,10829,10316
C2308,12,000,State - ARUNACHAL PRADESH,Rural,14,26643,13517,13126,4028,1765,2263,22615,11752,10863
C2308,12,000,State - ARUNACHAL PRADESH,Rural,15,27029,13807,13222,4599,2091,2508,22430,11716,10714
C2308,12,000,State - ARUNACHAL PRADESH,Rural,16,24106,12239,11867,3876,1683,2193,20230,10556,9674
C2308,12,000,State - ARUNACHAL PRADESH,Rural,17,20297,10484,9813,3556,1560,1996,16741,8924,7817
C2308,12,000,State - ARUNACHAL PRADESH,Rural,18,25615,12988,12627,5286,2176,3110,20329,10812,9517
C2308,12,000,State - ARUNACHAL PRADESH,Rural,19,19017,9443,9574,4292,1686,2606,14725,7757,6968
C2308,12,000,State - ARUNACHAL PRADESH,Rural,20-24,97891,49023,48868,26770,10239,16531,71121,38784,32337
C2308,12,000,State - ARUNACHAL PRADESH,Rural,25-29,90931,45974,44957,31564,11542,20022,59367,34432,24935
C2308,12,000,State - ARUNACHAL PRADESH,Rural,30-34,74292,38006,36286,30448,11113,19335,43844,26893,16951
C2308,12,000,State - ARUNACHAL PRADESH,Rural,35-39,69148,34826,34322,33681,12065,21616,35467,22761,12706
C2308,12,000,State - ARUNACHAL PRADESH,Rural,40-44,57742,30631,27111,32240,12575,19665,25502,18056,7446
C2308,12,000,State - ARUNACHAL PRADESH,Rural,45-49,47781,25465,22316,29938,12007,17931,17843,13458,4385
C2308,12,000,State - ARUNACHAL PRADESH,Rural,50-54,36249,20048,16201,25512,11383,14129,10737,8665,2072
C2308,12,000,State - ARUNACHAL PRADESH,Rural,55-59,24559,13401,11158,18795,8603,10192,5764,4798,966
C2308,12,000,State - ARUNACHAL PRADESH,Rural,60-64,22262,11659,10603,18461,8569,9892,3801,3090,711
C2308,12,000,State - ARUNACHAL PRADESH,Rural,65-69,13346,6755,6591,11224,5104,6120,2122,1651,471
C2308,12,000,State - ARUNACHAL PRADESH,Rural,70-74,9647,5048,4599,8418,4068,4350,1229,980,249
C2308,12,000,State - ARUNACHAL PRADESH,Rural,75-79,4655,2435,2220,4111,1986,2125,544,449,95
C2308,12,000,State - ARUNACHAL PRADESH,Rural,80+,6451,3308,3143,5194,2468,2726,1257,840,417
C2308,12,000,State - ARUNACHAL PRADESH,Rural,Age not stated,1193,661,532,475,212,263,718,449,269
C2308,12,000,State - ARUNACHAL PRADESH,Urban,All ages,317369,167901,149468,87266,37423,49843,230103,130478,99625
C2308,12,000,State - ARUNACHAL PRADESH,Urban,0-6,39899,20383,19516,39899,20383,19516,0,0,0
C2308,12,000,State - ARUNACHAL PRADESH,Urban,7,6776,3331,3445,1923,905,1018,4853,2426,2427
C2308,12,000,State - ARUNACHAL PRADESH,Urban,8,6816,3408,3408,1260,557,703,5556,2851,2705
C2308,12,000,State - ARUNACHAL PRADESH,Urban,9,6390,3211,3179,909,419,490,5481,2792,2689
C2308,12,000,State - ARUNACHAL PRADESH,Urban,10,7867,4022,3845,1077,495,582,6790,3527,3263
C2308,12,000,State - ARUNACHAL PRADESH,Urban,11,7304,3655,3649,756,311,445,6548,3344,3204
C2308,12,000,State - ARUNACHAL PRADESH,Urban,12,8110,4008,4102,689,263,426,7421,3745,3676
C2308,12,000,State - ARUNACHAL PRADESH,Urban,13,7768,3753,4015,584,208,376,7184,3545,3639
C2308,12,000,State - ARUNACHAL PRADESH,Urban,14,8284,4021,4263,648,214,434,7636,3807,3829
C2308,12,000,State - ARUNACHAL PRADESH,Urban,15,8649,4232,4417,721,238,483,7928,3994,3934
C2308,12,000,State - ARUNACHAL PRADESH,Urban,16,8471,4071,4400,661,220,441,7810,3851,3959
C2308,12,000,State - ARUNACHAL PRADESH,Urban,17,7643,3777,3866,548,181,367,7095,3596,3499
C2308,12,000,State - ARUNACHAL PRADESH,Urban,18,8438,4316,4122,778,280,498,7660,4036,3624
C2308,12,000,State - ARUNACHAL PRADESH,Urban,19,6703,3316,3387,659,227,432,6044,3089,2955
C2308,12,000,State - ARUNACHAL PRADESH,Urban,20-24,33805,17010,16795,3810,1298,2512,29995,15712,14283
C2308,12,000,State - ARUNACHAL PRADESH,Urban,25-29,32783,17392,15391,4599,1477,3122,28184,15915,12269
C2308,12,000,State - ARUNACHAL PRADESH,Urban,30-34,26879,14456,12423,4546,1375,3171,22333,13081,9252
C2308,12,000,State - ARUNACHAL PRADESH,Urban,35-39,25243,13385,11858,5371,1692,3679,19872,11693,8179
C2308,12,000,State - ARUNACHAL PRADESH,Urban,40-44,20861,12230,8631,4758,1601,3157,16103,10629,5474
C2308,12,000,State - ARUNACHAL PRADESH,Urban,45-49,15898,9708,6190,4126,1452,2674,11772,8256,3516
C2308,12,000,State - ARUNACHAL PRADESH,Urban,50-54,9861,6439,3422,3013,1192,1821,6848,5247,1601
C2308,12,000,State - ARUNACHAL PRADESH,Urban,55-59,5327,3595,1732,1920,796,1124,3407,2799,608
C2308,12,000,State - ARUNACHAL PRADESH,Urban,60-64,3183,1833,1350,1720,726,994,1463,1107,356
C2308,12,000,State - ARUNACHAL PRADESH,Urban,65-69,1627,887,740,857,348,509,770,539,231
C2308,12,000,State - ARUNACHAL PRADESH,Urban,70-74,1000,499,501,631,232,399,369,267,102
C2308,12,000,State - ARUNACHAL PRADESH,Urban,75-79,480,252,228,280,114,166,200,138,62
C2308,12,000,State - ARUNACHAL PRADESH,Urban,80+,988,513,475,426,168,258,562,345,217
C2308,12,000,State - ARUNACHAL PRADESH,Urban,Age not stated,316,198,118,97,51,46,219,147,72
C2308,13,000,State - NAGALAND,Total,All ages,1978502,1024649,953853,636068,300692,335376,1342434,723957,618477
C2308,13,000,State - NAGALAND,Total,0-6,291071,149785,141286,291071,149785,141286,0,0,0
C2308,13,000,State - NAGALAND,Total,7,47314,24604,22710,18606,9662,8944,28708,14942,13766
C2308,13,000,State - NAGALAND,Total,8,46619,24166,22453,11180,5696,5484,35439,18470,16969
C2308,13,000,State - NAGALAND,Total,9,45357,23383,21974,9248,4697,4551,36109,18686,17423
C2308,13,000,State - NAGALAND,Total,10,54020,28025,25995,9677,4918,4759,44343,23107,21236
C2308,13,000,State - NAGALAND,Total,11,49059,25536,23523,6549,3347,3202,42510,22189,20321
C2308,13,000,State - NAGALAND,Total,12,50676,26301,24375,5748,2866,2882,44928,23435,21493
C2308,13,000,State - NAGALAND,Total,13,47547,24785,22762,4779,2409,2370,42768,22376,20392
C2308,13,000,State - NAGALAND,Total,14,47369,24590,22779,4617,2385,2232,42752,22205,20547
C2308,13,000,State - NAGALAND,Total,15,50125,26094,24031,5311,2632,2679,44814,23462,21352
C2308,13,000,State - NAGALAND,Total,16,48251,24771,23480,4892,2435,2457,43359,22336,21023
C2308,13,000,State - NAGALAND,Total,17,42900,21890,21010,4311,2130,2181,38589,19760,18829
C2308,13,000,State - NAGALAND,Total,18,48929,25021,23908,5713,2826,2887,43216,22195,21021
C2308,13,000,State - NAGALAND,Total,19,39417,20218,19199,4522,2144,2378,34895,18074,16821
C2308,13,000,State - NAGALAND,Total,20-24,204363,103769,100594,26418,12005,14413,177945,91764,86181
C2308,13,000,State - NAGALAND,Total,25-29,176901,89598,87303,25860,10879,14981,151041,78719,72322
C2308,13,000,State - NAGALAND,Total,30-34,149924,76505,73419,25089,10264,14825,124835,66241,58594
C2308,13,000,State - NAGALAND,Total,35-39,128198,64695,63503,26468,10169,16299,101730,54526,47204
C2308,13,000,State - NAGALAND,Total,40-44,109261,57653,51608,27261,10817,16444,82000,46836,35164
C2308,13,000,State - NAGALAND,Total,45-49,87747,47757,39990,25128,9947,15181,62619,37810,24809
C2308,13,000,State - NAGALAND,Total,50-54,65859,36134,29725,22685,9332,13353,43174,26802,16372
C2308,13,000,State - NAGALAND,Total,55-59,43398,23741,19657,16525,6594,9931,26873,17147,9726
C2308,13,000,State - NAGALAND,Total,60-64,36519,19683,16836,16511,6695,9816,20008,12988,7020
C2308,13,000,State - NAGALAND,Total,65-69,24243,12801,11442,11799,4668,7131,12444,8133,4311
C2308,13,000,State - NAGALAND,Total,70-74,17593,9260,8333,10331,4355,5976,7262,4905,2357
C2308,13,000,State - NAGALAND,Total,75-79,10565,5635,4930,6388,2739,3649,4177,2896,1281
C2308,13,000,State - NAGALAND,Total,80+,13806,7400,6406,8922,4075,4847,4884,3325,1559
C2308,13,000,State - NAGALAND,Total,Age not stated,1471,849,622,459,221,238,1012,628,384
C2308,13,000,State - NAGALAND,Rural,All ages,1407536,725472,682064,510873,241451,269422,896663,484021,412642
C2308,13,000,State - NAGALAND,Rural,0-6,217482,112483,104999,217482,112483,104999,0,0,0
C2308,13,000,State - NAGALAND,Rural,7,35118,18330,16788,15370,7989,7381,19748,10341,9407
C2308,13,000,State - NAGALAND,Rural,8,34795,18029,16766,9586,4868,4718,25209,13161,12048
C2308,13,000,State - NAGALAND,Rural,9,33490,17259,16231,7936,4029,3907,25554,13230,12324
C2308,13,000,State - NAGALAND,Rural,10,40412,21140,19272,8353,4281,4072,32059,16859,15200
C2308,13,000,State - NAGALAND,Rural,11,35806,18749,17057,5668,2921,2747,30138,15828,14310
C2308,13,000,State - NAGALAND,Rural,12,37210,19355,17855,5021,2518,2503,32189,16837,15352
C2308,13,000,State - NAGALAND,Rural,13,34002,17795,16207,4116,2090,2026,29886,15705,14181
C2308,13,000,State - NAGALAND,Rural,14,33719,17619,16100,3955,2063,1892,29764,15556,14208
C2308,13,000,State - NAGALAND,Rural,15,36172,18914,17258,4545,2253,2292,31627,16661,14966
C2308,13,000,State - NAGALAND,Rural,16,34251,17583,16668,4193,2083,2110,30058,15500,14558
C2308,13,000,State - NAGALAND,Rural,17,29742,15280,14462,3662,1797,1865,26080,13483,12597
C2308,13,000,State - NAGALAND,Rural,18,34757,17757,17000,4890,2409,2481,29867,15348,14519
C2308,13,000,State - NAGALAND,Rural,19,27004,13825,13179,3849,1832,2017,23155,11993,11162
C2308,13,000,State - NAGALAND,Rural,20-24,139581,70944,68637,22306,10181,12125,117275,60763,56512
C2308,13,000,State - NAGALAND,Rural,25-29,117131,58588,58543,21276,8932,12344,95855,49656,46199
C2308,13,000,State - NAGALAND,Rural,30-34,100492,50782,49710,20585,8377,12208,79907,42405,37502
C2308,13,000,State - NAGALAND,Rural,35-39,87170,43067,44103,21764,8292,13472,65406,34775,30631
C2308,13,000,State - NAGALAND,Rural,40-44,76029,39211,36818,22945,9104,13841,53084,30107,22977
C2308,13,000,State - NAGALAND,Rural,45-49,61345,32644,28701,21319,8457,12862,40026,24187,15839
C2308,13,000,State - NAGALAND,Rural,50-54,47518,25376,22142,19644,8094,11550,27874,17282,10592
C2308,13,000,State - NAGALAND,Rural,55-59,31751,16898,14853,14412,5812,8600,17339,11086,6253
C2308,13,000,State - NAGALAND,Rural,60-64,28201,14898,13303,14571,5976,8595,13630,8922,4708
C2308,13,000,State - NAGALAND,Rural,65-69,18939,9930,9009,10386,4197,6189,8553,5733,2820
C2308,13,000,State - NAGALAND,Rural,70-74,14353,7550,6803,9242,4002,5240,5111,3548,1563
C2308,13,000,State - NAGALAND,Rural,75-79,8629,4606,4023,5674,2518,3156,2955,2088,867
C2308,13,000,State - NAGALAND,Rural,80+,11163,6128,5035,7700,3687,4013,3463,2441,1022
C2308,13,000,State - NAGALAND,Rural,Age not stated,1274,732,542,423,206,217,851,526,325
C2308,13,000,State - NAGALAND,Urban,All ages,570966,299177,271789,125195,59241,65954,445771,239936,205835
C2308,13,000,State - NAGALAND,Urban,0-6,73589,37302,36287,73589,37302,36287,0,0,0
C2308,13,000,State - NAGALAND,Urban,7,12196,6274,5922,3236,1673,1563,8960,4601,4359
C2308,13,000,State - NAGALAND,Urban,8,11824,6137,5687,1594,828,766,10230,5309,4921
C2308,13,000,State - NAGALAND,Urban,9,11867,6124,5743,1312,668,644,10555,5456,5099
C2308,13,000,State - NAGALAND,Urban,10,13608,6885,6723,1324,637,687,12284,6248,6036
C2308,13,000,State - NAGALAND,Urban,11,13253,6787,6466,881,426,455,12372,6361,6011
C2308,13,000,State - NAGALAND,Urban,12,13466,6946,6520,727,348,379,12739,6598,6141
C2308,13,000,State - NAGALAND,Urban,13,13545,6990,6555,663,319,344,12882,6671,6211
C2308,13,000,State - NAGALAND,Urban,14,13650,6971,6679,662,322,340,12988,6649,6339
C2308,13,000,State - NAGALAND,Urban,15,13953,7180,6773,766,379,387,13187,6801,6386
C2308,13,000,State - NAGALAND,Urban,16,14000,7188,6812,699,352,347,13301,6836,6465
C2308,13,000,State - NAGALAND,Urban,17,13158,6610,6548,649,333,316,12509,6277,6232
C2308,13,000,State - NAGALAND,Urban,18,14172,7264,6908,823,417,406,13349,6847,6502
C2308,13,000,State - NAGALAND,Urban,19,12413,6393,6020,673,312,361,11740,6081,5659
C2308,13,000,State - NAGALAND,Urban,20-24,64782,32825,31957,4112,1824,2288,60670,31001,29669
C2308,13,000,State - NAGALAND,Urban,25-29,59770,31010,28760,4584,1947,2637,55186,29063,26123
C2308,13,000,State - NAGALAND,Urban,30-34,49432,25723,23709,4504,1887,2617,44928,23836,21092
C2308,13,000,State - NAGALAND,Urban,35-39,41028,21628,19400,4704,1877,2827,36324,19751,16573
C2308,13,000,State - NAGALAND,Urban,40-44,33232,18442,14790,4316,1713,2603,28916,16729,12187
C2308,13,000,State - NAGALAND,Urban,45-49,26402,15113,11289,3809,1490,2319,22593,13623,8970
C2308,13,000,State - NAGALAND,Urban,50-54,18341,10758,7583,3041,1238,1803,15300,9520,5780
C2308,13,000,State - NAGALAND,Urban,55-59,11647,6843,4804,2113,782,1331,9534,6061,3473
C2308,13,000,State - NAGALAND,Urban,60-64,8318,4785,3533,1940,719,1221,6378,4066,2312
C2308,13,000,State - NAGALAND,Urban,65-69,5304,2871,2433,1413,471,942,3891,2400,1491
C2308,13,000,State - NAGALAND,Urban,70-74,3240,1710,1530,1089,353,736,2151,1357,794
C2308,13,000,State - NAGALAND,Urban,75-79,1936,1029,907,714,221,493,1222,808,414
C2308,13,000,State - NAGALAND,Urban,80+,2643,1272,1371,1222,388,834,1421,884,537
C2308,13,000,State - NAGALAND,Urban,Age not stated,197,117,80,36,15,21,161,102,59
C2308,14,000,State - MANIPUR,Total,All ages,2855794,1438586,1417208,947318,398728,548590,1908476,1039858,868618
C2308,14,000,State - MANIPUR,Total,0-6,375357,194484,180873,375357,194484,180873,0,0,0
C2308,14,000,State - MANIPUR,Total,7,59467,30285,29182,22057,10986,11071,37410,19299,18111
C2308,14,000,State - MANIPUR,Total,8,59412,30471,28941,15489,7685,7804,43923,22786,21137
C2308,14,000,State - MANIPUR,Total,9,53689,27686,26003,11163,5549,5614,42526,22137,20389
C2308,14,000,State - MANIPUR,Total,10,67741,35162,32579,12233,6070,6163,55508,29092,26416
C2308,14,000,State - MANIPUR,Total,11,59530,30781,28749,8248,4137,4111,51282,26644,24638
C2308,14,000,State - MANIPUR,Total,12,64919,33380,31539,7565,3606,3959,57354,29774,27580
C2308,14,000,State - MANIPUR,Total,13,60556,30843,29713,5766,2721,3045,54790,28122,26668
C2308,14,000,State - MANIPUR,Total,14,61017,30980,30037,5556,2526,3030,55461,28454,27007
C2308,14,000,State - MANIPUR,Total,15,62680,31912,30768,5850,2656,3194,56830,29256,27574
C2308,14,000,State - MANIPUR,Total,16,56560,28529,28031,5516,2415,3101,51044,26114,24930
C2308,14,000,State - MANIPUR,Total,17,52601,26464,26137,5208,2173,3035,47393,24291,23102
C2308,14,000,State - MANIPUR,Total,18,64850,32559,32291,7858,3310,4548,56992,29249,27743
C2308,14,000,State - MANIPUR,Total,19,50317,25031,25286,6030,2427,3603,44287,22604,21683
C2308,14,000,State - MANIPUR,Total,20-24,281782,139587,142195,38385,14659,23726,243397,124928,118469
C2308,14,000,State - MANIPUR,Total,25-29,270477,132888,137589,42965,14948,28017,227512,117940,109572
C2308,14,000,State - MANIPUR,Total,30-34,220954,109678,111276,40130,13669,26461,180824,96009,84815
C2308,14,000,State - MANIPUR,Total,35-39,198453,98019,100434,44538,14125,30413,153915,83894,70021
C2308,14,000,State - MANIPUR,Total,40-44,170829,85896,84933,46722,14649,32073,124107,71247,52860
C2308,14,000,State - MANIPUR,Total,45-49,147030,73917,73113,47351,14438,32913,99679,59479,40200
C2308,14,000,State - MANIPUR,Total,50-54,120277,60598,59679,44389,13947,30442,75888,46651,29237
C2308,14,000,State - MANIPUR,Total,55-59,89499,45409,44090,36436,11194,25242,53063,34215,18848
C2308,14,000,State - MANIPUR,Total,60-64,71897,36567,35330,33997,10700,23297,37900,25867,12033
C2308,14,000,State - MANIPUR,Total,65-69,46648,23218,23430,24799,7455,17344,21849,15763,6086
C2308,14,000,State - MANIPUR,Total,70-74,34253,16776,17477,20846,6626,14220,13407,10150,3257
C2308,14,000,State - MANIPUR,Total,75-79,21428,10663,10765,13549,4479,9070,7879,6184,1695
C2308,14,000,State - MANIPUR,Total,80+,25794,12571,13223,17098,6146,10952,8696,6425,2271
C2308,14,000,State - MANIPUR,Total,Age not stated,7777,4232,3545,2217,948,1269,5560,3284,2276
C2308,14,000,State - MANIPUR,Rural,All ages,2021640,1026884,994756,738781,316750,422031,1282859,710134,572725
C2308,14,000,State - MANIPUR,Rural,0-6,273946,142443,131503,273946,142443,131503,0,0,0
C2308,14,000,State - MANIPUR,Rural,7,44012,22522,21490,17635,8799,8836,26377,13723,12654
C2308,14,000,State - MANIPUR,Rural,8,44147,22722,21425,12785,6368,6417,31362,16354,15008
C2308,14,000,State - MANIPUR,Rural,9,39720,20519,19201,9281,4615,4666,30439,15904,14535
C2308,14,000,State - MANIPUR,Rural,10,50337,26125,24212,10258,5090,5168,40079,21035,19044
C2308,14,000,State - MANIPUR,Rural,11,43713,22732,20981,7029,3564,3465,36684,19168,17516
C2308,14,000,State - MANIPUR,Rural,12,48016,24906,23110,6571,3168,3403,41445,21738,19707
C2308,14,000,State - MANIPUR,Rural,13,44150,22690,21460,5031,2405,2626,39119,20285,18834
C2308,14,000,State - MANIPUR,Rural,14,44626,22761,21865,4892,2244,2648,39734,20517,19217
C2308,14,000,State - MANIPUR,Rural,15,46177,23624,22553,5096,2350,2746,41081,21274,19807
C2308,14,000,State - MANIPUR,Rural,16,42105,21324,20781,4927,2190,2737,37178,19134,18044
C2308,14,000,State - MANIPUR,Rural,17,38640,19511,19129,4642,1984,2658,33998,17527,16471
C2308,14,000,State - MANIPUR,Rural,18,48729,24691,24038,6916,2997,3919,41813,21694,20119
C2308,14,000,State - MANIPUR,Rural,19,37388,18756,18632,5398,2193,3205,31990,16563,15427
C2308,14,000,State - MANIPUR,Rural,20-24,204739,102223,102516,33976,13289,20687,170763,88934,81829
C2308,14,000,State - MANIPUR,Rural,25-29,188887,93626,95261,37053,13250,23803,151834,80376,71458
C2308,14,000,State - MANIPUR,Rural,30-34,151922,76143,75779,34145,12035,22110,117777,64108,53669
C2308,14,000,State - MANIPUR,Rural,35-39,135625,67639,67986,37122,12224,24898,98503,55415,43088
C2308,14,000,State - MANIPUR,Rural,40-44,117107,59442,57665,38610,12656,25954,78497,46786,31711
C2308,14,000,State - MANIPUR,Rural,45-49,100201,50660,49541,38486,12391,26095,61715,38269,23446
C2308,14,000,State - MANIPUR,Rural,50-54,80585,41105,39480,35404,11990,23414,45181,29115,16066
C2308,14,000,State - MANIPUR,Rural,55-59,59601,30555,29046,28540,9494,19046,31061,21061,10000
C2308,14,000,State - MANIPUR,Rural,60-64,48223,24875,23348,25964,9026,16938,22259,15849,6410
C2308,14,000,State - MANIPUR,Rural,65-69,31006,15677,15329,18173,6097,12076,12833,9580,3253
C2308,14,000,State - MANIPUR,Rural,70-74,22588,11301,11287,14733,5170,9563,7855,6131,1724
C2308,14,000,State - MANIPUR,Rural,75-79,13656,6961,6695,9252,3432,5820,4404,3529,875
C2308,14,000,State - MANIPUR,Rural,80+,16142,8208,7934,11175,4534,6641,4967,3674,1293
C2308,14,000,State - MANIPUR,Rural,Age not stated,5652,3143,2509,1741,752,989,3911,2391,1520
C2308,14,000,State - MANIPUR,Urban,All ages,834154,411702,422452,208537,81978,126559,625617,329724,295893
C2308,14,000,State - MANIPUR,Urban,0-6,101411,52041,49370,101411,52041,49370,0,0,0
C2308,14,000,State - MANIPUR,Urban,7,15455,7763,7692,4422,2187,2235,11033,5576,5457
C2308,14,000,State - MANIPUR,Urban,8,15265,7749,7516,2704,1317,1387,12561,6432,6129
C2308,14,000,State - MANIPUR,Urban,9,13969,7167,6802,1882,934,948,12087,6233,5854
C2308,14,000,State - MANIPUR,Urban,10,17404,9037,8367,1975,980,995,15429,8057,7372
C2308,14,000,State - MANIPUR,Urban,11,15817,8049,7768,1219,573,646,14598,7476,7122
C2308,14,000,State - MANIPUR,Urban,12,16903,8474,8429,994,438,556,15909,8036,7873
C2308,14,000,State - MANIPUR,Urban,13,16406,8153,8253,735,316,419,15671,7837,7834
C2308,14,000,State - MANIPUR,Urban,14,16391,8219,8172,664,282,382,15727,7937,7790
C2308,14,000,State - MANIPUR,Urban,15,16503,8288,8215,754,306,448,15749,7982,7767
C2308,14,000,State - MANIPUR,Urban,16,14455,7205,7250,589,225,364,13866,6980,6886
C2308,14,000,State - MANIPUR,Urban,17,13961,6953,7008,566,189,377,13395,6764,6631
C2308,14,000,State - MANIPUR,Urban,18,16121,7868,8253,942,313,629,15179,7555,7624
C2308,14,000,State - MANIPUR,Urban,19,12929,6275,6654,632,234,398,12297,6041,6256
C2308,14,000,State - MANIPUR,Urban,20-24,77043,37364,39679,4409,1370,3039,72634,35994,36640
C2308,14,000,State - MANIPUR,Urban,25-29,81590,39262,42328,5912,1698,4214,75678,37564,38114
C2308,14,000,State - MANIPUR,Urban,30-34,69032,33535,35497,5985,1634,4351,63047,31901,31146
C2308,14,000,State - MANIPUR,Urban,35-39,62828,30380,32448,7416,1901,5515,55412,28479,26933
C2308,14,000,State - MANIPUR,Urban,40-44,53722,26454,27268,8112,1993,6119,45610,24461,21149
C2308,14,000,State - MANIPUR,Urban,45-49,46829,23257,23572,8865,2047,6818,37964,21210,16754
C2308,14,000,State - MANIPUR,Urban,50-54,39692,19493,20199,8985,1957,7028,30707,17536,13171
C2308,14,000,State - MANIPUR,Urban,55-59,29898,14854,15044,7896,1700,6196,22002,13154,8848
C2308,14,000,State - MANIPUR,Urban,60-64,23674,11692,11982,8033,1674,6359,15641,10018,5623
C2308,14,000,State - MANIPUR,Urban,65-69,15642,7541,8101,6626,1358,5268,9016,6183,2833
C2308,14,000,State - MANIPUR,Urban,70-74,11665,5475,6190,6113,1456,4657,5552,4019,1533
C2308,14,000,State - MANIPUR,Urban,75-79,7772,3702,4070,4297,1047,3250,3475,2655,820
C2308,14,000,State - MANIPUR,Urban,80+,9652,4363,5289,5923,1612,4311,3729,2751,978
C2308,14,000,State - MANIPUR,Urban,Age not stated,2125,1089,1036,476,196,280,1649,893,756
C2308,15,000,State - MIZORAM,Total,All ages,1097206,555339,541867,249031,116810,132221,848175,438529,409646
C2308,15,000,State - MIZORAM,Total,0-6,168531,85561,82970,168531,85561,82970,0,0,0
C2308,15,000,State - MIZORAM,Total,7,24090,12123,11967,5045,2469,2576,19045,9654,9391
C2308,15,000,State - MIZORAM,Total,8,23435,11951,11484,2622,1244,1378,20813,10707,10106
C2308,15,000,State - MIZORAM,Total,9,22965,11794,11171,1810,869,941,21155,10925,10230
C2308,15,000,State - MIZORAM,Total,10,25316,12805,12511,2079,970,1109,23237,11835,11402
C2308,15,000,State - MIZORAM,Total,11,23390,11958,11432,1392,619,773,21998,11339,10659
C2308,15,000,State - MIZORAM,Total,12,22986,11701,11285,1160,480,680,21826,11221,10605
C2308,15,000,State - MIZORAM,Total,13,22730,11631,11099,1038,435,603,21692,11196,10496
C2308,15,000,State - MIZORAM,Total,14,22559,11431,11128,989,390,599,21570,11041,10529
C2308,15,000,State - MIZORAM,Total,15,22365,11437,10928,1117,447,670,21248,10990,10258
C2308,15,000,State - MIZORAM,Total,16,22353,11424,10929,1052,439,613,21301,10985,10316
C2308,15,000,State - MIZORAM,Total,17,21574,10973,10601,1077,433,644,20497,10540,9957
C2308,15,000,State - MIZORAM,Total,18,22772,11468,11304,1443,549,894,21329,10919,10410
C2308,15,000,State - MIZORAM,Total,19,21279,10605,10674,1506,527,979,19773,10078,9695
C2308,15,000,State - MIZORAM,Total,20-24,111708,55512,56196,8465,3040,5425,103243,52472,50771
C2308,15,000,State - MIZORAM,Total,25-29,102346,51390,50956,7690,2856,4834,94656,48534,46122
C2308,15,000,State - MIZORAM,Total,30-34,88374,44341,44033,6233,2402,3831,82141,41939,40202
C2308,15,000,State - MIZORAM,Total,35-39,72384,36817,35567,5738,2230,3508,66646,34587,32059
C2308,15,000,State - MIZORAM,Total,40-44,58180,29970,28210,5469,2081,3388,52711,27889,24822
C2308,15,000,State - MIZORAM,Total,45-49,53175,27028,26147,5030,1936,3094,48145,25092,23053
C2308,15,000,State - MIZORAM,Total,50-54,44256,22556,21700,4962,1965,2997,39294,20591,18703
C2308,15,000,State - MIZORAM,Total,55-59,31177,16139,15038,3549,1399,2150,27628,14740,12888
C2308,15,000,State - MIZORAM,Total,60-64,24480,12357,12123,3161,1196,1965,21319,11161,10158
C2308,15,000,State - MIZORAM,Total,65-69,16170,8114,8056,2322,793,1529,13848,7321,6527
C2308,15,000,State - MIZORAM,Total,70-74,12020,6108,5912,2000,599,1401,10020,5509,4511
C2308,15,000,State - MIZORAM,Total,75-79,7784,3884,3900,1479,370,1109,6305,3514,2791
C2308,15,000,State - MIZORAM,Total,80+,8174,3882,4292,1978,465,1513,6196,3417,2779
C2308,15,000,State - MIZORAM,Total,Age not stated,633,379,254,94,46,48,539,333,206
C2308,15,000,State - MIZORAM,Rural,All ages,525435,269135,256300,162101,73735,88366,363334,195400,167934
C2308,15,000,State - MIZORAM,Rural,0-6,93384,47489,45895,93384,47489,45895,0,0,0
C2308,15,000,State - MIZORAM,Rural,7,13359,6725,6634,3793,1833,1960,9566,4892,4674
C2308,15,000,State - MIZORAM,Rural,8,12933,6635,6298,2237,1040,1197,10696,5595,5101
C2308,15,000,State - MIZORAM,Rural,9,12192,6301,5891,1596,755,841,10596,5546,5050
C2308,15,000,State - MIZORAM,Rural,10,13489,6855,6634,1746,797,949,11743,6058,5685
C2308,15,000,State - MIZORAM,Rural,11,12093,6280,5813,1245,536,709,10848,5744,5104
C2308,15,000,State - MIZORAM,Rural,12,11887,6023,5864,1074,429,645,10813,5594,5219
C2308,15,000,State - MIZORAM,Rural,13,11569,5971,5598,956,392,564,10613,5579,5034
C2308,15,000,State - MIZORAM,Rural,14,11050,5707,5343,902,346,556,10148,5361,4787
C2308,15,000,State - MIZORAM,Rural,15,10614,5543,5071,1008,390,618,9606,5153,4453
C2308,15,000,State - MIZORAM,Rural,16,10330,5410,4920,949,390,559,9381,5020,4361
C2308,15,000,State - MIZORAM,Rural,17,9710,5128,4582,969,387,582,8741,4741,4000
C2308,15,000,State - MIZORAM,Rural,18,10128,5223,4905,1316,481,835,8812,4742,4070
C2308,15,000,State - MIZORAM,Rural,19,9475,4696,4779,1399,467,932,8076,4229,3847
C2308,15,000,State - MIZORAM,Rural,20-24,50969,25314,25655,7727,2646,5081,43242,22668,20574
C2308,15,000,State - MIZORAM,Rural,25-29,46384,23442,22942,6929,2464,4465,39455,20978,18477
C2308,15,000,State - MIZORAM,Rural,30-34,38740,19801,18939,5481,2001,3480,33259,17800,15459
C2308,15,000,State - MIZORAM,Rural,35-39,31629,16461,15168,5011,1865,3146,26618,14596,12022
C2308,15,000,State - MIZORAM,Rural,40-44,24818,12925,11893,4704,1720,2984,20114,11205,8909
C2308,15,000,State - MIZORAM,Rural,45-49,23045,11983,11062,4265,1624,2641,18780,10359,8421
C2308,15,000,State - MIZORAM,Rural,50-54,20258,10538,9720,4181,1637,2544,16077,8901,7176
C2308,15,000,State - MIZORAM,Rural,55-59,14603,7770,6833,2934,1186,1748,11669,6584,5085
C2308,15,000,State - MIZORAM,Rural,60-64,11736,6110,5626,2622,1032,1590,9114,5078,4036
C2308,15,000,State - MIZORAM,Rural,65-69,7878,4105,3773,1862,678,1184,6016,3427,2589
C2308,15,000,State - MIZORAM,Rural,70-74,5572,2907,2665,1470,488,982,4102,2419,1683
C2308,15,000,State - MIZORAM,Rural,75-79,3599,1876,1723,1006,297,709,2593,1579,1014
C2308,15,000,State - MIZORAM,Rural,80+,3711,1763,1948,1277,339,938,2434,1424,1010
C2308,15,000,State - MIZORAM,Rural,Age not stated,280,154,126,58,26,32,222,128,94
C2308,15,000,State - MIZORAM,Urban,All ages,571771,286204,285567,86930,43075,43855,484841,243129,241712
C2308,15,000,State - MIZORAM,Urban,0-6,75147,38072,37075,75147,38072,37075,0,0,0
C2308,15,000,State - MIZORAM,Urban,7,10731,5398,5333,1252,636,616,9479,4762,4717
C2308,15,000,State - MIZORAM,Urban,8,10502,5316,5186,385,204,181,10117,5112,5005
C2308,15,000,State - MIZORAM,Urban,9,10773,5493,5280,214,114,100,10559,5379,5180
C2308,15,000,State - MIZORAM,Urban,10,11827,5950,5877,333,173,160,11494,5777,5717
C2308,15,000,State - MIZORAM,Urban,11,11297,5678,5619,147,83,64,11150,5595,5555
C2308,15,000,State - MIZORAM,Urban,12,11099,5678,5421,86,51,35,11013,5627,5386
C2308,15,000,State - MIZORAM,Urban,13,11161,5660,5501,82,43,39,11079,5617,5462
C2308,15,000,State - MIZORAM,Urban,14,11509,5724,5785,87,44,43,11422,5680,5742
C2308,15,000,State - MIZORAM,Urban,15,11751,5894,5857,109,57,52,11642,5837,5805
C2308,15,000,State - MIZORAM,Urban,16,12023,6014,6009,103,49,54,11920,5965,5955
C2308,15,000,State - MIZORAM,Urban,17,11864,5845,6019,108,46,62,11756,5799,5957
C2308,15,000,State - MIZORAM,Urban,18,12644,6245,6399,127,68,59,12517,6177,6340
C2308,15,000,State - MIZORAM,Urban,19,11804,5909,5895,107,60,47,11697,5849,5848
C2308,15,000,State - MIZORAM,Urban,20-24,60739,30198,30541,738,394,344,60001,29804,30197
C2308,15,000,State - MIZORAM,Urban,25-29,55962,27948,28014,761,392,369,55201,27556,27645
C2308,15,000,State - MIZORAM,Urban,30-34,49634,24540,25094,752,401,351,48882,24139,24743
C2308,15,000,State - MIZORAM,Urban,35-39,40755,20356,20399,727,365,362,40028,19991,20037
C2308,15,000,State - MIZORAM,Urban,40-44,33362,17045,16317,765,361,404,32597,16684,15913
C2308,15,000,State - MIZORAM,Urban,45-49,30130,15045,15085,765,312,453,29365,14733,14632
C2308,15,000,State - MIZORAM,Urban,50-54,23998,12018,11980,781,328,453,23217,11690,11527
C2308,15,000,State - MIZORAM,Urban,55-59,16574,8369,8205,615,213,402,15959,8156,7803
C2308,15,000,State - MIZORAM,Urban,60-64,12744,6247,6497,539,164,375,12205,6083,6122
C2308,15,000,State - MIZORAM,Urban,65-69,8292,4009,4283,460,115,345,7832,3894,3938
C2308,15,000,State - MIZORAM,Urban,70-74,6448,3201,3247,530,111,419,5918,3090,2828
C2308,15,000,State - MIZORAM,Urban,75-79,4185,2008,2177,473,73,400,3712,1935,1777
C2308,15,000,State - MIZORAM,Urban,80+,4463,2119,2344,701,126,575,3762,1993,1769
C2308,15,000,State - MIZORAM,Urban,Age not stated,353,225,128,36,20,16,317,205,112
C2308,16,000,State - TRIPURA,Total,All ages,3673917,1874376,1799541,869134,373007,496127,2804783,1501369,1303414
C2308,16,000,State - TRIPURA,Total,0-6,458014,234008,224006,458014,234008,224006,0,0,0
C2308,16,000,State - TRIPURA,Total,7,66430,33918,32512,11954,6029,5925,54476,27889,26587
C2308,16,000,State - TRIPURA,Total,8,68449,34968,33481,4807,2382,2425,63642,32586,31056
C2308,16,000,State - TRIPURA,Total,9,67408,34152,33256,3229,1549,1680,64179,32603,31576
C2308,16,000,State - TRIPURA,Total,10,74446,38244,36202,3915,1880,2035,70531,36364,34167
C2308,16,000,State - TRIPURA,Total,11,70154,35830,34324,2387,1093,1294,67767,34737,33030
C2308,16,000,State - TRIPURA,Total,12,74234,38045,36189,2494,1079,1415,71740,36966,34774
C2308,16,000,State - TRIPURA,Total,13,69374,35375,33999,2005,868,1137,67369,34507,32862
C2308,16,000,State - TRIPURA,Total,14,69482,35507,33975,2270,968,1302,67212,34539,32673
C2308,16,000,State - TRIPURA,Total,15,71020,36298,34722,2931,1136,1795,68089,35162,32927
C2308,16,000,State - TRIPURA,Total,16,71534,36901,34633,2944,1129,1815,68590,35772,32818
C2308,16,000,State - TRIPURA,Total,17,67462,35616,31846,2923,1122,1801,64539,34494,30045
C2308,16,000,State - TRIPURA,Total,18,77535,38564,38971,4667,1562,3105,72868,37002,35866
C2308,16,000,State - TRIPURA,Total,19,70278,33757,36521,3848,1163,2685,66430,32594,33836
C2308,16,000,State - TRIPURA,Total,20-24,373177,183779,189398,24346,7901,16445,348831,175878,172953
C2308,16,000,State - TRIPURA,Total,25-29,344149,175059,169090,28297,9625,18672,315852,165434,150418
C2308,16,000,State - TRIPURA,Total,30-34,286989,149231,137758,26516,9029,17487,260473,140202,120271
C2308,16,000,State - TRIPURA,Total,35-39,279342,143051,136291,33427,10740,22687,245915,132311,113604
C2308,16,000,State - TRIPURA,Total,40-44,238751,124093,114658,37123,12280,24843,201628,111813,89815
C2308,16,000,State - TRIPURA,Total,45-49,205469,106717,98752,38695,13302,25393,166774,93415,73359
C2308,16,000,State - TRIPURA,Total,50-54,162186,86627,75559,34843,12523,22320,127343,74104,53239
C2308,16,000,State - TRIPURA,Total,55-59,116874,61849,55025,28134,9156,18978,88740,52693,36047
C2308,16,000,State - TRIPURA,Total,60-64,97129,49611,47518,30094,9385,20709,67035,40226,26809
C2308,16,000,State - TRIPURA,Total,65-69,70480,35044,35436,24978,7418,17560,45502,27626,17876
C2308,16,000,State - TRIPURA,Total,70-74,52324,25535,26789,21419,6400,15019,30905,19135,11770
C2308,16,000,State - TRIPURA,Total,75-79,30086,14259,15827,12945,3654,9291,17141,10605,6536
C2308,16,000,State - TRIPURA,Total,80+,39525,17471,22054,19546,5456,14090,19979,12015,7964
C2308,16,000,State - TRIPURA,Total,Age not stated,1616,867,749,383,170,213,1233,697,536
C2308,16,000,State - TRIPURA,Rural,All ages,2712464,1387173,1325291,719691,305670,414021,1992773,1081503,911270
C2308,16,000,State - TRIPURA,Rural,0-6,365309,186400,178909,365309,186400,178909,0,0,0
C2308,16,000,State - TRIPURA,Rural,7,52331,26766,25565,10234,5156,5078,42097,21610,20487
C2308,16,000,State - TRIPURA,Rural,8,53871,27492,26379,4355,2144,2211,49516,25348,24168
C2308,16,000,State - TRIPURA,Rural,9,52939,26775,26164,2904,1372,1532,50035,25403,24632
C2308,16,000,State - TRIPURA,Rural,10,59237,30415,28822,3473,1645,1828,55764,28770,26994
C2308,16,000,State - TRIPURA,Rural,11,55018,28076,26942,2126,960,1166,52892,27116,25776
C2308,16,000,State - TRIPURA,Rural,12,59293,30412,28881,2245,940,1305,57048,29472,27576
C2308,16,000,State - TRIPURA,Rural,13,54998,28164,26834,1813,760,1053,53185,27404,25781
C2308,16,000,State - TRIPURA,Rural,14,54448,27837,26611,2019,834,1185,52429,27003,25426
C2308,16,000,State - TRIPURA,Rural,15,55643,28476,27167,2636,993,1643,53007,27483,25524
C2308,16,000,State - TRIPURA,Rural,16,55345,28666,26679,2648,998,1650,52697,27668,25029
C2308,16,000,State - TRIPURA,Rural,17,51403,27424,23979,2587,959,1628,48816,26465,22351
C2308,16,000,State - TRIPURA,Rural,18,59769,29626,30143,4161,1328,2833,55608,28298,27310
C2308,16,000,State - TRIPURA,Rural,19,52728,25185,27543,3439,986,2453,49289,24199,25090
C2308,16,000,State - TRIPURA,Rural,20-24,280876,138466,142410,21800,6834,14966,259076,131632,127444
C2308,16,000,State - TRIPURA,Rural,25-29,252860,129389,123471,25251,8370,16881,227609,121019,106590
C2308,16,000,State - TRIPURA,Rural,30-34,204868,107731,97137,23453,7823,15630,181415,99908,81507
C2308,16,000,State - TRIPURA,Rural,35-39,196129,101658,94471,29082,9184,19898,167047,92474,74573
C2308,16,000,State - TRIPURA,Rural,40-44,164055,85593,78462,31871,10363,21508,132184,75230,56954
C2308,16,000,State - TRIPURA,Rural,45-49,139297,72663,66634,33107,11227,21880,106190,61436,44754
C2308,16,000,State - TRIPURA,Rural,50-54,108302,57982,50320,29664,10628,19036,78638,47354,31284
C2308,16,000,State - TRIPURA,Rural,55-59,76947,40066,36881,24007,7769,16238,52940,32297,20643
C2308,16,000,State - TRIPURA,Rural,60-64,67295,33940,33355,25568,8054,17514,41727,25886,15841
C2308,16,000,State - TRIPURA,Rural,65-69,50426,25067,25359,21187,6419,14768,29239,18648,10591
C2308,16,000,State - TRIPURA,Rural,70-74,37764,18698,19066,17856,5531,12325,19908,13167,6741
C2308,16,000,State - TRIPURA,Rural,75-79,21165,10258,10907,10564,3115,7449,10601,7143,3458
C2308,16,000,State - TRIPURA,Rural,80+,29113,13380,15733,16042,4746,11296,13071,8634,4437
C2308,16,000,State - TRIPURA,Rural,Age not stated,1035,568,467,290,132,158,745,436,309
C2308,16,000,State - TRIPURA,Urban,All ages,961453,487203,474250,149443,67337,82106,812010,419866,392144
C2308,16,000,State - TRIPURA,Urban,0-6,92705,47608,45097,92705,47608,45097,0,0,0
C2308,16,000,State - TRIPURA,Urban,7,14099,7152,6947,1720,873,847,12379,6279,6100
C2308,16,000,State - TRIPURA,Urban,8,14578,7476,7102,452,238,214,14126,7238,6888
C2308,16,000,State - TRIPURA,Urban,9,14469,7377,7092,325,177,148,14144,7200,6944
C2308,16,000,State - TRIPURA,Urban,10,15209,7829,7380,442,235,207,14767,7594,7173
C2308,16,000,State - TRIPURA,Urban,11,15136,7754,7382,261,133,128,14875,7621,7254
C2308,16,000,State - TRIPURA,Urban,12,14941,7633,7308,249,139,110,14692,7494,7198
C2308,16,000,State - TRIPURA,Urban,13,14376,7211,7165,192,108,84,14184,7103,7081
C2308,16,000,State - TRIPURA,Urban,14,15034,7670,7364,251,134,117,14783,7536,7247
C2308,16,000,State - TRIPURA,Urban,15,15377,7822,7555,295,143,152,15082,7679,7403
C2308,16,000,State - TRIPURA,Urban,16,16189,8235,7954,296,131,165,15893,8104,7789
C2308,16,000,State - TRIPURA,Urban,17,16059,8192,7867,336,163,173,15723,8029,7694
C2308,16,000,State - TRIPURA,Urban,18,17766,8938,8828,506,234,272,17260,8704,8556
C2308,16,000,State - TRIPURA,Urban,19,17550,8572,8978,409,177,232,17141,8395,8746
C2308,16,000,State - TRIPURA,Urban,20-24,92301,45313,46988,2546,1067,1479,89755,44246,45509
C2308,16,000,State - TRIPURA,Urban,25-29,91289,45670,45619,3046,1255,1791,88243,44415,43828
C2308,16,000,State - TRIPURA,Urban,30-34,82121,41500,40621,3063,1206,1857,79058,40294,38764
C2308,16,000,State - TRIPURA,Urban,35-39,83213,41393,41820,4345,1556,2789,78868,39837,39031
C2308,16,000,State - TRIPURA,Urban,40-44,74696,38500,36196,5252,1917,3335,69444,36583,32861
C2308,16,000,State - TRIPURA,Urban,45-49,66172,34054,32118,5588,2075,3513,60584,31979,28605
C2308,16,000,State - TRIPURA,Urban,50-54,53884,28645,25239,5179,1895,3284,48705,26750,21955
C2308,16,000,State - TRIPURA,Urban,55-59,39927,21783,18144,4127,1387,2740,35800,20396,15404
C2308,16,000,State - TRIPURA,Urban,60-64,29834,15671,14163,4526,1331,3195,25308,14340,10968
C2308,16,000,State - TRIPURA,Urban,65-69,20054,9977,10077,3791,999,2792,16263,8978,7285
C2308,16,000,State - TRIPURA,Urban,70-74,14560,6837,7723,3563,869,2694,10997,5968,5029
C2308,16,000,State - TRIPURA,Urban,75-79,8921,4001,4920,2381,539,1842,6540,3462,3078
C2308,16,000,State - TRIPURA,Urban,80+,10412,4091,6321,3504,710,2794,6908,3381,3527
C2308,16,000,State - TRIPURA,Urban,Age not stated,581,299,282,93,38,55,488,261,227
C2308,17,000,State - MEGHALAYA,Total,All ages,2966889,1491832,1475057,1181884,577953,603931,1785005,913879,871126
C2308,17,000,State - MEGHALAYA,Total,0-6,568536,288646,279890,568536,288646,279890,0,0,0
C2308,17,000,State - MEGHALAYA,Total,7,77705,39338,38367,35050,18177,16873,42655,21161,21494
C2308,17,000,State - MEGHALAYA,Total,8,76293,38410,37883,22471,11781,10690,53822,26629,27193
C2308,17,000,State - MEGHALAYA,Total,9,72802,37037,35765,16808,9037,7771,55994,28000,27994
C2308,17,000,State - MEGHALAYA,Total,10,84369,42976,41393,16899,9245,7654,67470,33731,33739
C2308,17,000,State - MEGHALAYA,Total,11,76711,39148,37563,11281,6285,4996,65430,32863,32567
C2308,17,000,State - MEGHALAYA,Total,12,77594,39303,38291,9448,5397,4051,68146,33906,34240
C2308,17,000,State - MEGHALAYA,Total,13,72085,36051,36034,7808,4482,3326,64277,31569,32708
C2308,17,000,State - MEGHALAYA,Total,14,71847,35995,35852,7540,4367,3173,64307,31628,32679
C2308,17,000,State - MEGHALAYA,Total,15,70691,35883,34808,8130,4802,3328,62561,31081,31480
C2308,17,000,State - MEGHALAYA,Total,16,69215,35098,34117,7937,4649,3288,61278,30449,30829
C2308,17,000,State - MEGHALAYA,Total,17,62310,31749,30561,7703,4432,3271,54607,27317,27290
C2308,17,000,State - MEGHALAYA,Total,18,67173,33933,33240,9478,5157,4321,57695,28776,28919
C2308,17,000,State - MEGHALAYA,Total,19,56799,28053,28746,8552,4287,4265,48247,23766,24481
C2308,17,000,State - MEGHALAYA,Total,20-24,285012,139140,145872,51340,25200,26140,233672,113940,119732
C2308,17,000,State - MEGHALAYA,Total,25-29,251281,124676,126605,56427,26793,29634,194854,97883,96971
C2308,17,000,State - MEGHALAYA,Total,30-34,189657,95786,93871,48417,22911,25506,141240,72875,68365
C2308,17,000,State - MEGHALAYA,Total,35-39,174706,87320,87386,53356,23914,29442,121350,63406,57944
C2308,17,000,State - MEGHALAYA,Total,40-44,145450,73377,72073,49989,21756,28233,95461,51621,43840
C2308,17,000,State - MEGHALAYA,Total,45-49,123115,63043,60072,47159,20125,27034,75956,42918,33038
C2308,17,000,State - MEGHALAYA,Total,50-54,88743,45910,42833,36613,16095,20518,52130,29815,22315
C2308,17,000,State - MEGHALAYA,Total,55-59,60109,30692,29417,26080,10785,15295,34029,19907,14122
C2308,17,000,State - MEGHALAYA,Total,60-64,50708,25421,25287,24491,10103,14388,26217,15318,10899
C2308,17,000,State - MEGHALAYA,Total,65-69,35774,17482,18292,18406,7297,11109,17368,10185,7183
C2308,17,000,State - MEGHALAYA,Total,70-74,23698,11161,12537,13556,5277,8279,10142,5884,4258
C2308,17,000,State - MEGHALAYA,Total,75-79,12845,5848,6997,7371,2686,4685,5474,3162,2312
C2308,17,000,State - MEGHALAYA,Total,80+,15877,7027,8850,9019,3238,5781,6858,3789,3069
C2308,17,000,State - MEGHALAYA,Total,Age not stated,5784,3329,2455,2019,1029,990,3765,2300,1465
C2308,17,000,State - MEGHALAYA,Rural,All ages,2371439,1194260,1177179,1056285,518624,537661,1315154,675636,639518
C2308,17,000,State - MEGHALAYA,Rural,0-6,490592,248751,241841,490592,248751,241841,0,0,0
C2308,17,000,State - MEGHALAYA,Rural,7,66250,33508,32742,32359,16748,15611,33891,16760,17131
C2308,17,000,State - MEGHALAYA,Rural,8,64976,32724,32252,21459,11240,10219,43517,21484,22033
C2308,17,000,State - MEGHALAYA,Rural,9,61403,31195,30208,15991,8575,7416,45412,22620,22792
C2308,17,000,State - MEGHALAYA,Rural,10,70949,36145,34804,16115,8842,7273,54834,27303,27531
C2308,17,000,State - MEGHALAYA,Rural,11,63542,32440,31102,10808,6042,4766,52734,26398,26336
C2308,17,000,State - MEGHALAYA,Rural,12,64241,32635,31606,9066,5205,3861,55175,27430,27745
C2308,17,000,State - MEGHALAYA,Rural,13,58806,29415,29391,7446,4294,3152,51360,25121,26239
C2308,17,000,State - MEGHALAYA,Rural,14,57822,29149,28673,7120,4149,2971,50702,25000,25702
C2308,17,000,State - MEGHALAYA,Rural,15,56408,29040,27368,7643,4568,3075,48765,24472,24293
C2308,17,000,State - MEGHALAYA,Rural,16,54240,27816,26424,7456,4414,3042,46784,23402,23382
C2308,17,000,State - MEGHALAYA,Rural,17,48330,24934,23396,7232,4187,3045,41098,20747,20351
C2308,17,000,State - MEGHALAYA,Rural,18,51943,26273,25670,8889,4881,4008,43054,21392,21662
C2308,17,000,State - MEGHALAYA,Rural,19,43211,21075,22136,7975,4003,3972,35236,17072,18164
C2308,17,000,State - MEGHALAYA,Rural,20-24,217643,105372,112271,47929,23610,24319,169714,81762,87952
C2308,17,000,State - MEGHALAYA,Rural,25-29,191850,94964,96886,52394,25005,27389,139456,69959,69497
C2308,17,000,State - MEGHALAYA,Rural,30-34,142762,72034,70728,44532,21262,23270,98230,50772,47458
C2308,17,000,State - MEGHALAYA,Rural,35-39,133054,66890,66164,48791,22070,26721,84263,44820,39443
C2308,17,000,State - MEGHALAYA,Rural,40-44,111054,56095,54959,45759,20102,25657,65295,35993,29302
C2308,17,000,State - MEGHALAYA,Rural,45-49,94562,48433,46129,43075,18590,24485,51487,29843,21644
C2308,17,000,State - MEGHALAYA,Rural,50-54,67679,35366,32313,33210,14862,18348,34469,20504,13965
C2308,17,000,State - MEGHALAYA,Rural,55-59,45821,23513,22308,23650,9992,13658,22171,13521,8650
C2308,17,000,State - MEGHALAYA,Rural,60-64,39902,20229,19673,22138,9298,12840,17764,10931,6833
C2308,17,000,State - MEGHALAYA,Rural,65-69,28783,14315,14468,16595,6747,9848,12188,7568,4620
C2308,17,000,State - MEGHALAYA,Rural,70-74,18799,9081,9718,12032,4836,7196,6767,4245,2522
C2308,17,000,State - MEGHALAYA,Rural,75-79,9855,4644,5211,6391,2441,3950,3464,2203,1261
C2308,17,000,State - MEGHALAYA,Rural,80+,12181,5623,6558,7742,2933,4809,4439,2690,1749
C2308,17,000,State - MEGHALAYA,Rural,Age not stated,4781,2601,2180,1896,977,919,2885,1624,1261
C2308,17,000,State - MEGHALAYA,Urban,All ages,595450,297572,297878,125599,59329,66270,469851,238243,231608
C2308,17,000,State - MEGHALAYA,Urban,0-6,77944,39895,38049,77944,39895,38049,0,0,0
C2308,17,000,State - MEGHALAYA,Urban,7,11455,5830,5625,2691,1429,1262,8764,4401,4363
C2308,17,000,State - MEGHALAYA,Urban,8,11317,5686,5631,1012,541,471,10305,5145,5160
C2308,17,000,State - MEGHALAYA,Urban,9,11399,5842,5557,817,462,355,10582,5380,5202
C2308,17,000,State - MEGHALAYA,Urban,10,13420,6831,6589,784,403,381,12636,6428,6208
C2308,17,000,State - MEGHALAYA,Urban,11,13169,6708,6461,473,243,230,12696,6465,6231
C2308,17,000,State - MEGHALAYA,Urban,12,13353,6668,6685,382,192,190,12971,6476,6495
C2308,17,000,State - MEGHALAYA,Urban,13,13279,6636,6643,362,188,174,12917,6448,6469
C2308,17,000,State - MEGHALAYA,Urban,14,14025,6846,7179,420,218,202,13605,6628,6977
C2308,17,000,State - MEGHALAYA,Urban,15,14283,6843,7440,487,234,253,13796,6609,7187
C2308,17,000,State - MEGHALAYA,Urban,16,14975,7282,7693,481,235,246,14494,7047,7447
C2308,17,000,State - MEGHALAYA,Urban,17,13980,6815,7165,471,245,226,13509,6570,6939
C2308,17,000,State - MEGHALAYA,Urban,18,15230,7660,7570,589,276,313,14641,7384,7257
C2308,17,000,State - MEGHALAYA,Urban,19,13588,6978,6610,577,284,293,13011,6694,6317
C2308,17,000,State - MEGHALAYA,Urban,20-24,67369,33768,33601,3411,1590,1821,63958,32178,31780
C2308,17,000,State - MEGHALAYA,Urban,25-29,59431,29712,29719,4033,1788,2245,55398,27924,27474
C2308,17,000,State - MEGHALAYA,Urban,30-34,46895,23752,23143,3885,1649,2236,43010,22103,20907
C2308,17,000,State - MEGHALAYA,Urban,35-39,41652,20430,21222,4565,1844,2721,37087,18586,18501
C2308,17,000,State - MEGHALAYA,Urban,40-44,34396,17282,17114,4230,1654,2576,30166,15628,14538
C2308,17,000,State - MEGHALAYA,Urban,45-49,28553,14610,13943,4084,1535,2549,24469,13075,11394
C2308,17,000,State - MEGHALAYA,Urban,50-54,21064,10544,10520,3403,1233,2170,17661,9311,8350
C2308,17,000,State - MEGHALAYA,Urban,55-59,14288,7179,7109,2430,793,1637,11858,6386,5472
C2308,17,000,State - MEGHALAYA,Urban,60-64,10806,5192,5614,2353,805,1548,8453,4387,4066
C2308,17,000,State - MEGHALAYA,Urban,65-69,6991,3167,3824,1811,550,1261,5180,2617,2563
C2308,17,000,State - MEGHALAYA,Urban,70-74,4899,2080,2819,1524,441,1083,3375,1639,1736
C2308,17,000,State - MEGHALAYA,Urban,75-79,2990,1204,1786,980,245,735,2010,959,1051
C2308,17,000,State - MEGHALAYA,Urban,80+,3696,1404,2292,1277,305,972,2419,1099,1320
C2308,17,000,State - MEGHALAYA,Urban,Age not stated,1003,728,275,123,52,71,880,676,204
C2308,18,000,State - ASSAM,Total,All ages,31205576,15939443,15266133,12027599,5370804,6656795,19177977,10568639,8609338
C2308,18,000,State - ASSAM,Total,0-6,4638130,2363485,2274645,4638130,2363485,2274645,0,0,0
C2308,18,000,State - ASSAM,Total,7,737356,374789,362567,226142,113382,112760,511214,261407,249807
C2308,18,000,State - ASSAM,Total,8,734886,374655,360231,144918,72232,72686,589968,302423,287545
C2308,18,000,State - ASSAM,Total,9,646800,328339,318461,96215,47968,48247,550585,280371,270214
C2308,18,000,State - ASSAM,Total,10,765960,395123,370837,111552,56599,54953,654408,338524,315884
C2308,18,000,State - ASSAM,Total,11,650207,332178,318029,73677,37199,36478,576530,294979,281551
C2308,18,000,State - ASSAM,Total,12,744871,383476,361395,86217,44376,41841,658654,339100,319554
C2308,18,000,State - ASSAM,Total,13,663109,337035,326074,70290,35318,34972,592819,301717,291102
C2308,18,000,State - ASSAM,Total,14,667580,341569,326011,73437,37215,36222,594143,304354,289789
C2308,18,000,State - ASSAM,Total,15,673552,352466,321086,86967,45788,41179,586585,306678,279907
C2308,18,000,State - ASSAM,Total,16,627495,333980,293515,83652,43951,39701,543843,290029,253814
C2308,18,000,State - ASSAM,Total,17,527775,283757,244018,70270,35916,34354,457505,247841,209664
C2308,18,000,State - ASSAM,Total,18,690902,358886,332016,117778,53488,64290,573124,305398,267726
C2308,18,000,State - ASSAM,Total,19,548857,266400,282457,92269,36343,55926,456588,230057,226531
C2308,18,000,State - ASSAM,Total,20-24,2909405,1415580,1493825,600742,229984,370758,2308663,1185596,1123067
C2308,18,000,State - ASSAM,Total,25-29,2815147,1393042,1422105,719569,282987,436582,2095578,1110055,985523
C2308,18,000,State - ASSAM,Total,30-34,2330060,1174247,1155813,668520,263809,404711,1661540,910438,751102
C2308,18,000,State - ASSAM,Total,35-39,2260473,1153679,1106794,746854,294763,452091,1513619,858916,654703
C2308,18,000,State - ASSAM,Total,40-44,1831206,965463,865743,688099,278568,409531,1143107,686895,456212
C2308,18,000,State - ASSAM,Total,45-49,1595249,846081,749168,644455,260651,383804,950794,585430,365364
C2308,18,000,State - ASSAM,Total,50-54,1192363,642260,550103,512902,206044,306858,679461,436216,243245
C2308,18,000,State - ASSAM,Total,55-59,856825,458242,398583,371384,139404,231980,485441,318838,166603
C2308,18,000,State - ASSAM,Total,60-64,775698,394563,381135,385873,137555,248318,389825,257008,132817
C2308,18,000,State - ASSAM,Total,65-69,503642,253973,249669,252306,84658,167648,251336,169315,82021
C2308,18,000,State - ASSAM,Total,70-74,385277,196445,188832,219455,79062,140393,165822,117383,48439
C2308,18,000,State - ASSAM,Total,75-79,184352,96599,87753,100829,36683,64146,83523,59916,23607
C2308,18,000,State - ASSAM,Total,80+,229575,113237,116338,137926,50233,87693,91649,63004,28645
C2308,18,000,State - ASSAM,Total,Age not stated,18824,9894,8930,7171,3143,4028,11653,6751,4902
C2308,18,000,State - ASSAM,Rural,All ages,26807034,13678989,13128045,11121598,4972796,6148802,15685436,8706193,6979243
C2308,18,000,State - ASSAM,Rural,0-6,4187323,2131586,2055737,4187323,2131586,2055737,0,0,0
C2308,18,000,State - ASSAM,Rural,7,663221,336763,326458,213677,107200,106477,449544,229563,219981
C2308,18,000,State - ASSAM,Rural,8,663098,337833,325265,139245,69407,69838,523853,268426,255427
C2308,18,000,State - ASSAM,Rural,9,577865,293048,284817,92018,45883,46135,485847,247165,238682
C2308,18,000,State - ASSAM,Rural,10,685290,353182,332108,106250,53942,52308,579040,299240,279800
C2308,18,000,State - ASSAM,Rural,11,574824,293479,281345,70193,35509,34684,504631,257970,246661
C2308,18,000,State - ASSAM,Rural,12,664292,341845,322447,82479,42546,39933,581813,299299,282514
C2308,18,000,State - ASSAM,Rural,13,586858,298094,288764,67088,33837,33251,519770,264257,255513
C2308,18,000,State - ASSAM,Rural,14,588502,301164,287338,69783,35569,34214,518719,265595,253124
C2308,18,000,State - ASSAM,Rural,15,593308,311253,282055,82642,43753,38889,510666,267500,243166
C2308,18,000,State - ASSAM,Rural,16,548844,293427,255417,79562,42093,37469,469282,251334,217948
C2308,18,000,State - ASSAM,Rural,17,452394,244607,207787,66479,34146,32333,385915,210461,175454
C2308,18,000,State - ASSAM,Rural,18,600103,312032,288071,111822,50881,60941,488281,261151,227130
C2308,18,000,State - ASSAM,Rural,19,469442,227173,242269,87490,34464,53026,381952,192709,189243
C2308,18,000,State - ASSAM,Rural,20-24,2477603,1203111,1274492,569392,218280,351112,1908211,984831,923380
C2308,18,000,State - ASSAM,Rural,25-29,2386510,1183063,1203447,681519,269026,412493,1704991,914037,790954
C2308,18,000,State - ASSAM,Rural,30-34,1949510,984620,964890,629873,249794,380079,1319637,734826,584811
C2308,18,000,State - ASSAM,Rural,35-39,1879751,962030,917721,699386,277753,421633,1180365,684277,496088
C2308,18,000,State - ASSAM,Rural,40-44,1507048,793546,713502,642099,261325,380774,864949,532221,332728
C2308,18,000,State - ASSAM,Rural,45-49,1310964,693457,617507,600725,244500,356225,710239,448957,261282
C2308,18,000,State - ASSAM,Rural,50-54,974992,519994,454998,477362,193180,284182,497630,326814,170816
C2308,18,000,State - ASSAM,Rural,55-59,702760,371541,331219,346355,130901,215454,356405,240640,115765
C2308,18,000,State - ASSAM,Rural,60-64,649041,327339,321702,358309,129125,229184,290732,198214,92518
C2308,18,000,State - ASSAM,Rural,65-69,422443,211838,210605,233604,79503,154101,188839,132335,56504
C2308,18,000,State - ASSAM,Rural,70-74,327588,166867,160721,202229,74132,128097,125359,92735,32624
C2308,18,000,State - ASSAM,Rural,75-79,153054,80838,72216,92109,34379,57730,60945,46459,14486
C2308,18,000,State - ASSAM,Rural,80+,195387,97407,97980,126105,47216,78889,69282,50191,19091
C2308,18,000,State - ASSAM,Rural,Age not stated,15019,7852,7167,6480,2866,3614,8539,4986,3553
C2308,18,000,State - ASSAM,Urban,All ages,4398542,2260454,2138088,906001,398008,507993,3492541,1862446,1630095
C2308,18,000,State - ASSAM,Urban,0-6,450807,231899,218908,450807,231899,218908,0,0,0
C2308,18,000,State - ASSAM,Urban,7,74135,38026,36109,12465,6182,6283,61670,31844,29826
C2308,18,000,State - ASSAM,Urban,8,71788,36822,34966,5673,2825,2848,66115,33997,32118
C2308,18,000,State - ASSAM,Urban,9,68935,35291,33644,4197,2085,2112,64738,33206,31532
C2308,18,000,State - ASSAM,Urban,10,80670,41941,38729,5302,2657,2645,75368,39284,36084
C2308,18,000,State - ASSAM,Urban,11,75383,38699,36684,3484,1690,1794,71899,37009,34890
C2308,18,000,State - ASSAM,Urban,12,80579,41631,38948,3738,1830,1908,76841,39801,37040
C2308,18,000,State - ASSAM,Urban,13,76251,38941,37310,3202,1481,1721,73049,37460,35589
C2308,18,000,State - ASSAM,Urban,14,79078,40405,38673,3654,1646,2008,75424,38759,36665
C2308,18,000,State - ASSAM,Urban,15,80244,41213,39031,4325,2035,2290,75919,39178,36741
C2308,18,000,State - ASSAM,Urban,16,78651,40553,38098,4090,1858,2232,74561,38695,35866
C2308,18,000,State - ASSAM,Urban,17,75381,39150,36231,3791,1770,2021,71590,37380,34210
C2308,18,000,State - ASSAM,Urban,18,90799,46854,43945,5956,2607,3349,84843,44247,40596
C2308,18,000,State - ASSAM,Urban,19,79415,39227,40188,4779,1879,2900,74636,37348,37288
C2308,18,000,State - ASSAM,Urban,20-24,431802,212469,219333,31350,11704,19646,400452,200765,199687
C2308,18,000,State - ASSAM,Urban,25-29,428637,209979,218658,38050,13961,24089,390587,196018,194569
C2308,18,000,State - ASSAM,Urban,30-34,380550,189627,190923,38647,14015,24632,341903,175612,166291
C2308,18,000,State - ASSAM,Urban,35-39,380722,191649,189073,47468,17010,30458,333254,174639,158615
C2308,18,000,State - ASSAM,Urban,40-44,324158,171917,152241,46000,17243,28757,278158,154674,123484
C2308,18,000,State - ASSAM,Urban,45-49,284285,152624,131661,43730,16151,27579,240555,136473,104082
C2308,18,000,State - ASSAM,Urban,50-54,217371,122266,95105,35540,12864,22676,181831,109402,72429
C2308,18,000,State - ASSAM,Urban,55-59,154065,86701,67364,25029,8503,16526,129036,78198,50838
C2308,18,000,State - ASSAM,Urban,60-64,126657,67224,59433,27564,8430,19134,99093,58794,40299
C2308,18,000,State - ASSAM,Urban,65-69,81199,42135,39064,18702,5155,13547,62497,36980,25517
C2308,18,000,State - ASSAM,Urban,70-74,57689,29578,28111,17226,4930,12296,40463,24648,15815
C2308,18,000,State - ASSAM,Urban,75-79,31298,15761,15537,8720,2304,6416,22578,13457,9121
C2308,18,000,State - ASSAM,Urban,80+,34188,15830,18358,11821,3017,8804,22367,12813,9554
C2308,18,000,State - ASSAM,Urban,Age not stated,3805,2042,1763,691,277,414,3114,1765,1349
C2308,19,000,State - WEST BENGAL,Total,All ages,91276115,46809027,44467088,29737834,12990217,16747617,61538281,33818810,27719471
C2308,19,000,State - WEST BENGAL,Total,0-6,10581466,5410396,5171070,10581466,5410396,5171070,0,0,0
C2308,19,000,State - WEST BENGAL,Total,7,1665309,849029,816280,370299,187958,182341,1295010,661071,633939
C2308,19,000,State - WEST BENGAL,Total,8,1722903,882730,840173,202417,102865,99552,1520486,779865,740621
C2308,19,000,State - WEST BENGAL,Total,9,1611274,818470,792804,131970,67605,64365,1479304,750865,728439
C2308,19,000,State - WEST BENGAL,Total,10,1964078,1010766,953312,172093,89602,82491,1791985,921164,870821
C2308,19,000,State - WEST BENGAL,Total,11,1691201,865049,826152,110081,57544,52537,1581120,807505,773615
C2308,19,000,State - WEST BENGAL,Total,12,1908789,984295,924494,135738,71747,63991,1773051,912548,860503
C2308,19,000,State - WEST BENGAL,Total,13,1759893,887191,872702,113706,58508,55198,1646187,828683,817504
C2308,19,000,State - WEST BENGAL,Total,14,1832562,930205,902357,132487,67846,64641,1700075,862359,837716
C2308,19,000,State - WEST BENGAL,Total,15,1856644,959715,896929,159751,81760,77991,1696893,877955,818938
C2308,19,000,State - WEST BENGAL,Total,16,1787844,939171,848673,166251,84444,81807,1621593,854727,766866
C2308,19,000,State - WEST BENGAL,Total,17,1617440,870750,746690,146807,73198,73609,1470633,797552,673081
C2308,19,000,State - WEST BENGAL,Total,18,2121174,1103257,1017917,253504,115146,138358,1867670,988111,879559
C2308,19,000,State - WEST BENGAL,Total,19,1674929,829432,845497,194099,79049,115050,1480830,750383,730447
C2308,19,000,State - WEST BENGAL,Total,20-24,8758322,4422630,4335692,1351813,553798,798015,7406509,3868832,3537677
C2308,19,000,State - WEST BENGAL,Total,25-29,7997909,4044904,3953005,1589431,648674,940757,6408478,3396230,3012248
C2308,19,000,State - WEST BENGAL,Total,30-34,6841590,3464659,3376931,1597646,639276,958370,5243944,2825383,2418561
C2308,19,000,State - WEST BENGAL,Total,35-39,7012646,3523361,3489285,1986134,761201,1224933,5026512,2762160,2264352
C2308,19,000,State - WEST BENGAL,Total,40-44,6153060,3219604,2933456,2028053,818991,1209062,4125007,2400613,1724394
C2308,19,000,State - WEST BENGAL,Total,45-49,5335719,2814212,2521507,1881865,762069,1119796,3453854,2052143,1401711
C2308,19,000,State - WEST BENGAL,Total,50-54,4257880,2317232,1940648,1570078,639665,930413,2687802,1677567,1010235
C2308,19,000,State - WEST BENGAL,Total,55-59,3268650,1746903,1521747,1230285,451167,779118,2038365,1295736,742629
C2308,19,000,State - WEST BENGAL,Total,60-64,2745454,1406401,1339053,1210303,416486,793817,1535151,989915,545236
C2308,19,000,State - WEST BENGAL,Total,65-69,1982993,991280,991713,912237,289768,622469,1070756,701512,369244
C2308,19,000,State - WEST BENGAL,Total,70-74,1390607,686881,703726,686337,213394,472943,704270,473487,230783
C2308,19,000,State - WEST BENGAL,Total,75-79,739767,360216,379551,356396,105830,250566,383371,254386,128985
C2308,19,000,State - WEST BENGAL,Total,80+,883561,406536,477025,437986,129361,308625,445575,277175,168400
C2308,19,000,State - WEST BENGAL,Total,Age not stated,112451,63752,48699,28601,12869,15732,83850,50883,32967
C2308,19,000,State - WEST BENGAL,Rural,All ages,62183113,31844945,30338168,22969334,9996748,12972586,39213779,21848197,17365582
C2308,19,000,State - WEST BENGAL,Rural,0-6,7820710,3992655,3828055,7820710,3992655,3828055,0,0,0
C2308,19,000,State - WEST BENGAL,Rural,7,1215059,618025,597034,291818,148019,143799,923241,470006,453235
C2308,19,000,State - WEST BENGAL,Rural,8,1270834,649812,621022,160069,81605,78464,1110765,568207,542558
C2308,19,000,State - WEST BENGAL,Rural,9,1174983,595030,579953,101723,52181,49542,1073260,542849,530411
C2308,19,000,State - WEST BENGAL,Rural,10,1429417,733978,695439,131132,68141,62991,1298285,665837,632448
C2308,19,000,State - WEST BENGAL,Rural,11,1219828,621269,598559,83177,43397,39780,1136651,577872,558779
C2308,19,000,State - WEST BENGAL,Rural,12,1399849,719512,680337,105249,55358,49891,1294600,664154,630446
C2308,19,000,State - WEST BENGAL,Rural,13,1289824,648450,641374,88090,45239,42851,1201734,603211,598523
C2308,19,000,State - WEST BENGAL,Rural,14,1338176,677819,660357,102570,52355,50215,1235606,625464,610142
C2308,19,000,State - WEST BENGAL,Rural,15,1344769,695320,649449,124096,63470,60626,1220673,631850,588823
C2308,19,000,State - WEST BENGAL,Rural,16,1285154,679426,605728,129514,65735,63779,1155640,613691,541949
C2308,19,000,State - WEST BENGAL,Rural,17,1136534,619049,517485,112494,55933,56561,1024040,563116,460924
C2308,19,000,State - WEST BENGAL,Rural,18,1509693,789137,720556,197367,88682,108685,1312326,700455,611871
C2308,19,000,State - WEST BENGAL,Rural,19,1166545,576672,589873,150334,60055,90279,1016211,516617,499594
C2308,19,000,State - WEST BENGAL,Rural,20-24,6042721,3062672,2980049,1069198,432966,636232,4973523,2629706,2343817
C2308,19,000,State - WEST BENGAL,Rural,25-29,5354996,2723495,2631501,1265055,513977,751078,4089941,2209518,1880423
C2308,19,000,State - WEST BENGAL,Rural,30-34,4452270,2255183,2197087,1270067,506111,763956,3182203,1749072,1433131
C2308,19,000,State - WEST BENGAL,Rural,35-39,4596701,2306077,2290624,1582551,605611,976940,3014150,1700466,1313684
C2308,19,000,State - WEST BENGAL,Rural,40-44,4024731,2100597,1924134,1620993,655202,965791,2403738,1445395,958343
C2308,19,000,State - WEST BENGAL,Rural,45-49,3422477,1807534,1614943,1492480,609069,883411,1929997,1198465,731532
C2308,19,000,State - WEST BENGAL,Rural,50-54,2693913,1469321,1224592,1244549,512533,732016,1449364,956788,492576
C2308,19,000,State - WEST BENGAL,Rural,55-59,2048869,1086200,962669,978161,361111,617050,1070708,725089,345619
C2308,19,000,State - WEST BENGAL,Rural,60-64,1746446,881516,864930,959756,331917,627839,786690,549599,237091
C2308,19,000,State - WEST BENGAL,Rural,65-69,1280414,625865,654549,730823,234226,496597,549591,391639,157952
C2308,19,000,State - WEST BENGAL,Rural,70-74,876931,421658,455273,535775,169203,366572,341156,252455,88701
C2308,19,000,State - WEST BENGAL,Rural,75-79,456033,217061,238972,277385,84461,192924,178648,132600,46048
C2308,19,000,State - WEST BENGAL,Rural,80+,536855,245245,291610,327190,100224,226966,209665,145021,64644
C2308,19,000,State - WEST BENGAL,Rural,Age not stated,48381,26367,22014,17008,7312,9696,31373,19055,12318
C2308,19,000,State - WEST BENGAL,Urban,All ages,29093002,14964082,14128920,6768500,2993469,3775031,22324502,11970613,10353889
C2308,19,000,State - WEST BENGAL,Urban,0-6,2760756,1417741,1343015,2760756,1417741,1343015,0,0,0
C2308,19,000,State - WEST BENGAL,Urban,7,450250,231004,219246,78481,39939,38542,371769,191065,180704
C2308,19,000,State - WEST BENGAL,Urban,8,452069,232918,219151,42348,21260,21088,409721,211658,198063
C2308,19,000,State - WEST BENGAL,Urban,9,436291,223440,212851,30247,15424,14823,406044,208016,198028
C2308,19,000,State - WEST BENGAL,Urban,10,534661,276788,257873,40961,21461,19500,493700,255327,238373
C2308,19,000,State - WEST BENGAL,Urban,11,471373,243780,227593,26904,14147,12757,444469,229633,214836
C2308,19,000,State - WEST BENGAL,Urban,12,508940,264783,244157,30489,16389,14100,478451,248394,230057
C2308,19,000,State - WEST BENGAL,Urban,13,470069,238741,231328,25616,13269,12347,444453,225472,218981
C2308,19,000,State - WEST BENGAL,Urban,14,494386,252386,242000,29917,15491,14426,464469,236895,227574
C2308,19,000,State - WEST BENGAL,Urban,15,511875,264395,247480,35655,18290,17365,476220,246105,230115
C2308,19,000,State - WEST BENGAL,Urban,16,502690,259745,242945,36737,18709,18028,465953,241036,224917
C2308,19,000,State - WEST BENGAL,Urban,17,480906,251701,229205,34313,17265,17048,446593,234436,212157
C2308,19,000,State - WEST BENGAL,Urban,18,611481,314120,297361,56137,26464,29673,555344,287656,267688
C2308,19,000,State - WEST BENGAL,Urban,19,508384,252760,255624,43765,18994,24771,464619,233766,230853
C2308,19,000,State - WEST BENGAL,Urban,20-24,2715601,1359958,1355643,282615,120832,161783,2432986,1239126,1193860
C2308,19,000,State - WEST BENGAL,Urban,25-29,2642913,1321409,1321504,324376,134697,189679,2318537,1186712,1131825
C2308,19,000,State - WEST BENGAL,Urban,30-34,2389320,1209476,1179844,327579,133165,194414,2061741,1076311,985430
C2308,19,000,State - WEST BENGAL,Urban,35-39,2415945,1217284,1198661,403583,155590,247993,2012362,1061694,950668
C2308,19,000,State - WEST BENGAL,Urban,40-44,2128329,1119007,1009322,407060,163789,243271,1721269,955218,766051
C2308,19,000,State - WEST BENGAL,Urban,45-49,1913242,1006678,906564,389385,153000,236385,1523857,853678,670179
C2308,19,000,State - WEST BENGAL,Urban,50-54,1563967,847911,716056,325529,127132,198397,1238438,720779,517659
C2308,19,000,State - WEST BENGAL,Urban,55-59,1219781,660703,559078,252124,90056,162068,967657,570647,397010
C2308,19,000,State - WEST BENGAL,Urban,60-64,999008,524885,474123,250547,84569,165978,748461,440316,308145
C2308,19,000,State - WEST BENGAL,Urban,65-69,702579,365415,337164,181414,55542,125872,521165,309873,211292
C2308,19,000,State - WEST BENGAL,Urban,70-74,513676,265223,248453,150562,44191,106371,363114,221032,142082
C2308,19,000,State - WEST BENGAL,Urban,75-79,283734,143155,140579,79011,21369,57642,204723,121786,82937
C2308,19,000,State - WEST BENGAL,Urban,80+,346706,161291,185415,110796,29137,81659,235910,132154,103756
C2308,19,000,State - WEST BENGAL,Urban,Age not stated,64070,37385,26685,11593,5557,6036,52477,31828,20649
C2308,20,000,State - JHARKHAND,Total,All ages,32988134,16930315,16057819,14660065,6047796,8612269,18328069,10882519,7445550
C2308,20,000,State - JHARKHAND,Total,0-6,5389495,2767147,2622348,5389495,2767147,2622348,0,0,0
C2308,20,000,State - JHARKHAND,Total,7,790068,401517,388551,246787,119734,127053,543281,281783,261498
C2308,20,000,State - JHARKHAND,Total,8,922118,471739,450379,165721,78229,87492,756397,393510,362887
C2308,20,000,State - JHARKHAND,Total,9,685041,348610,336431,88494,41148,47346,596547,307462,289085
C2308,20,000,State - JHARKHAND,Total,10,1004485,521422,483063,122466,57013,65453,882019,464409,417610
C2308,20,000,State - JHARKHAND,Total,11,692162,356346,335816,62654,27862,34792,629508,328484,301024
C2308,20,000,State - JHARKHAND,Total,12,940691,486510,454181,90978,39475,51503,849713,447035,402678
C2308,20,000,State - JHARKHAND,Total,13,719929,364081,355848,61595,25296,36299,658334,338785,319549
C2308,20,000,State - JHARKHAND,Total,14,747129,384268,362861,71858,29421,42437,675271,354847,320424
C2308,20,000,State - JHARKHAND,Total,15,762402,408766,353636,94160,40418,53742,668242,368348,299894
C2308,20,000,State - JHARKHAND,Total,16,671906,362192,309714,87507,36063,51444,584399,326129,258270
C2308,20,000,State - JHARKHAND,Total,17,510735,278341,232394,68216,26294,41922,442519,252047,190472
C2308,20,000,State - JHARKHAND,Total,18,764258,414989,349269,147243,52381,94862,617015,362608,254407
C2308,20,000,State - JHARKHAND,Total,19,495967,250599,245368,95738,27567,68171,400229,223032,177197
C2308,20,000,State - JHARKHAND,Total,20-24,2827622,1431263,1396359,736350,219675,516675,2091272,1211588,879684
C2308,20,000,State - JHARKHAND,Total,25-29,2652639,1342314,1310325,868244,271312,596932,1784395,1071002,713393
C2308,20,000,State - JHARKHAND,Total,30-34,2307296,1165866,1141430,882770,278751,604019,1424526,887115,537411
C2308,20,000,State - JHARKHAND,Total,35-39,2136764,1092675,1044089,926264,305136,621128,1210500,787539,422961
C2308,20,000,State - JHARKHAND,Total,40-44,1788506,930421,858085,866210,304348,561862,922296,626073,296223
C2308,20,000,State - JHARKHAND,Total,45-49,1534094,798966,735128,802155,290608,511547,731939,508358,223581
C2308,20,000,State - JHARKHAND,Total,50-54,1186181,620682,565499,652819,245278,407541,533362,375404,157958
C2308,20,000,State - JHARKHAND,Total,55-59,985234,487604,497630,563522,185905,377617,421712,301699,120013
C2308,20,000,State - JHARKHAND,Total,60-64,957482,474565,482917,604744,215571,389173,352738,258994,93744
C2308,20,000,State - JHARKHAND,Total,65-69,635397,317852,317545,411588,148227,263361,223809,169625,54184
C2308,20,000,State - JHARKHAND,Total,70-74,407108,210878,196230,275473,108584,166889,131635,102294,29341
C2308,20,000,State - JHARKHAND,Total,75-79,167954,83542,84412,110468,40077,70391,57486,43465,14021
C2308,20,000,State - JHARKHAND,Total,80+,188737,94908,93829,125073,48891,76182,63664,46017,17647
C2308,20,000,State - JHARKHAND,Total,Age not stated,116734,62252,54482,41473,17385,24088,75261,44867,30394
C2308,20,000,State - JHARKHAND,Rural,All ages,25055073,12776486,12278587,12411995,5093755,7318240,12643078,7682731,4960347
C2308,20,000,State - JHARKHAND,Rural,0-6,4367507,2231494,2136013,4367507,2231494,2136013,0,0,0
C2308,20,000,State - JHARKHAND,Rural,7,627727,316787,310940,211174,101734,109440,416553,215053,201500
C2308,20,000,State - JHARKHAND,Rural,8,749801,381550,368251,145622,68244,77378,604179,313306,290873
C2308,20,000,State - JHARKHAND,Rural,9,544338,275203,269135,76993,35479,41514,467345,239724,227621
C2308,20,000,State - JHARKHAND,Rural,10,810373,418955,391418,106469,49087,57382,703904,369868,334036
C2308,20,000,State - JHARKHAND,Rural,11,539767,276537,263230,53771,23513,30258,485996,253024,232972
C2308,20,000,State - JHARKHAND,Rural,12,753599,388684,364915,79582,33942,45640,674017,354742,319275
C2308,20,000,State - JHARKHAND,Rural,13,558536,282063,276473,53274,21421,31853,505262,260642,244620
C2308,20,000,State - JHARKHAND,Rural,14,574917,295807,279110,61900,24882,37018,513017,270925,242092
C2308,20,000,State - JHARKHAND,Rural,15,585032,316022,269010,81728,34550,47178,503304,281472,221832
C2308,20,000,State - JHARKHAND,Rural,16,497767,270845,226922,75278,30368,44910,422489,240477,182012
C2308,20,000,State - JHARKHAND,Rural,17,359890,198094,161796,58141,21658,36483,301749,176436,125313
C2308,20,000,State - JHARKHAND,Rural,18,565403,307946,257457,128276,44049,84227,437127,263897,173230
C2308,20,000,State - JHARKHAND,Rural,19,351275,175414,175861,83344,22792,60552,267931,152622,115309
C2308,20,000,State - JHARKHAND,Rural,20-24,2052259,1031084,1021175,647922,188171,459751,1404337,842913,561424
C2308,20,000,State - JHARKHAND,Rural,25-29,1942429,976894,965535,764430,236416,528014,1177999,740478,437521
C2308,20,000,State - JHARKHAND,Rural,30-34,1697271,849293,847978,774256,243972,530284,923015,605321,317694
C2308,20,000,State - JHARKHAND,Rural,35-39,1570756,799950,770806,802933,266724,536209,767823,533226,234597
C2308,20,000,State - JHARKHAND,Rural,40-44,1312316,676548,635768,747440,265911,481529,564876,410637,154239
C2308,20,000,State - JHARKHAND,Rural,45-49,1122090,580579,541511,689159,255319,433840,432931,325260,107671
C2308,20,000,State - JHARKHAND,Rural,50-54,861644,447952,413692,558012,215907,342105,303632,232045,71587
C2308,20,000,State - JHARKHAND,Rural,55-59,720551,343784,376767,485338,164166,321172,235213,179618,55595
C2308,20,000,State - JHARKHAND,Rural,60-64,739909,359498,380411,528968,193061,335907,210941,166437,44504
C2308,20,000,State - JHARKHAND,Rural,65-69,502092,246596,255496,363873,134252,229621,138219,112344,25875
C2308,20,000,State - JHARKHAND,Rural,70-74,319521,163601,155920,240776,97751,143025,78745,65850,12895
C2308,20,000,State - JHARKHAND,Rural,75-79,128086,62658,65428,95675,35872,59803,32411,26786,5625
C2308,20,000,State - JHARKHAND,Rural,80+,143253,72523,70730,105273,42876,62397,37980,29647,8333
C2308,20,000,State - JHARKHAND,Rural,Age not stated,56964,30125,26839,24881,10144,14737,32083,19981,12102
C2308,20,000,State - JHARKHAND,Urban,All ages,7933061,4153829,3779232,2248070,954041,1294029,5684991,3199788,2485203
C2308,20,000,State - JHARKHAND,Urban,0-6,1021988,535653,486335,1021988,535653,486335,0,0,0
C2308,20,000,State - JHARKHAND,Urban,7,162341,84730,77611,35613,18000,17613,126728,66730,59998
C2308,20,000,State - JHARKHAND,Urban,8,172317,90189,82128,20099,9985,10114,152218,80204,72014
C2308,20,000,State - JHARKHAND,Urban,9,140703,73407,67296,11501,5669,5832,129202,67738,61464
C2308,20,000,State - JHARKHAND,Urban,10,194112,102467,91645,15997,7926,8071,178115,94541,83574
C2308,20,000,State - JHARKHAND,Urban,11,152395,79809,72586,8883,4349,4534,143512,75460,68052
C2308,20,000,State - JHARKHAND,Urban,12,187092,97826,89266,11396,5533,5863,175696,92293,83403
C2308,20,000,State - JHARKHAND,Urban,13,161393,82018,79375,8321,3875,4446,153072,78143,74929
C2308,20,000,State - JHARKHAND,Urban,14,172212,88461,83751,9958,4539,5419,162254,83922,78332
C2308,20,000,State - JHARKHAND,Urban,15,177370,92744,84626,12432,5868,6564,164938,86876,78062
C2308,20,000,State - JHARKHAND,Urban,16,174139,91347,82792,12229,5695,6534,161910,85652,76258
C2308,20,000,State - JHARKHAND,Urban,17,150845,80247,70598,10075,4636,5439,140770,75611,65159
C2308,20,000,State - JHARKHAND,Urban,18,198855,107043,91812,18967,8332,10635,179888,98711,81177
C2308,20,000,State - JHARKHAND,Urban,19,144692,75185,69507,12394,4775,7619,132298,70410,61888
C2308,20,000,State - JHARKHAND,Urban,20-24,775363,400179,375184,88428,31504,56924,686935,368675,318260
C2308,20,000,State - JHARKHAND,Urban,25-29,710210,365420,344790,103814,34896,68918,606396,330524,275872
C2308,20,000,State - JHARKHAND,Urban,30-34,610025,316573,293452,108514,34779,73735,501511,281794,219717
C2308,20,000,State - JHARKHAND,Urban,35-39,566008,292725,273283,123331,38412,84919,442677,254313,188364
C2308,20,000,State - JHARKHAND,Urban,40-44,476190,253873,222317,118770,38437,80333,357420,215436,141984
C2308,20,000,State - JHARKHAND,Urban,45-49,412004,218387,193617,112996,35289,77707,299008,183098,115910
C2308,20,000,State - JHARKHAND,Urban,50-54,324537,172730,151807,94807,29371,65436,229730,143359,86371
C2308,20,000,State - JHARKHAND,Urban,55-59,264683,143820,120863,78184,21739,56445,186499,122081,64418
C2308,20,000,State - JHARKHAND,Urban,60-64,217573,115067,102506,75776,22510,53266,141797,92557,49240
C2308,20,000,State - JHARKHAND,Urban,65-69,133305,71256,62049,47715,13975,33740,85590,57281,28309
C2308,20,000,State - JHARKHAND,Urban,70-74,87587,47277,40310,34697,10833,23864,52890,36444,16446
C2308,20,000,State - JHARKHAND,Urban,75-79,39868,20884,18984,14793,4205,10588,25075,16679,8396
C2308,20,000,State - JHARKHAND,Urban,80+,45484,22385,23099,19800,6015,13785,25684,16370,9314
C2308,20,000,State - JHARKHAND,Urban,Age not stated,59770,32127,27643,16592,7241,9351,43178,24886,18292
C2308,21,000,State - ODISHA,Total,All ages,41974218,21212136,20762082,15231623,6122455,9109168,26742595,15089681,11652914
C2308,21,000,State - ODISHA,Total,0-6,5273194,2716497,2556697,5273194,2716497,2556697,0,0,0
C2308,21,000,State - ODISHA,Total,7,828124,419291,408833,243144,119751,123393,584980,299540,285440
C2308,21,000,State - ODISHA,Total,8,850364,433510,416854,130171,62990,67181,720193,370520,349673
C2308,21,000,State - ODISHA,Total,9,776115,394168,381947,75679,35470,40209,700436,358698,341738
C2308,21,000,State - ODISHA,Total,10,913606,468214,445392,97047,45389,51658,816559,422825,393734
C2308,21,000,State - ODISHA,Total,11,839933,428712,411221,59550,26646,32904,780383,402066,378317
C2308,21,000,State - ODISHA,Total,12,916799,467103,449696,75270,32355,42915,841529,434748,406781
C2308,21,000,State - ODISHA,Total,13,839473,420237,419236,59500,24217,35283,779973,396020,383953
C2308,21,000,State - ODISHA,Total,14,838814,419269,419545,65167,25425,39742,773647,393844,379803
C2308,21,000,State - ODISHA,Total,15,869586,436883,432703,90539,35207,55332,779047,401676,377371
C2308,21,000,State - ODISHA,Total,16,775052,388035,387017,84451,30872,53579,690601,357163,333438
C2308,21,000,State - ODISHA,Total,17,692046,346739,345307,73697,25638,48059,618349,321101,297248
C2308,21,000,State - ODISHA,Total,18,906416,460498,445918,126666,42286,84380,779750,418212,361538
C2308,21,000,State - ODISHA,Total,19,682298,340529,341769,86856,26800,60056,595442,313729,281713
C2308,21,000,State - ODISHA,Total,20-24,3783527,1870939,1912588,614789,187851,426938,3168738,1683088,1485650
C2308,21,000,State - ODISHA,Total,25-29,3574037,1772876,1801161,735078,236050,499028,2838959,1536826,1302133
C2308,21,000,State - ODISHA,Total,30-34,3102991,1542233,1560758,784091,249248,534843,2318900,1292985,1025915
C2308,21,000,State - ODISHA,Total,35-39,3051188,1528685,1522503,942459,306615,635844,2108729,1222070,886659
C2308,21,000,State - ODISHA,Total,40-44,2691474,1387920,1303554,967401,334118,633283,1724073,1053802,670271
C2308,21,000,State - ODISHA,Total,45-49,2334030,1212366,1121664,924189,328635,595554,1409841,883731,526110
C2308,21,000,State - ODISHA,Total,50-54,1847812,957524,890288,778498,273359,505139,1069314,684165,385149
C2308,21,000,State - ODISHA,Total,55-59,1483720,744291,739429,659548,204134,455414,824172,540157,284015
C2308,21,000,State - ODISHA,Total,60-64,1474061,737635,736426,784954,255814,529140,689107,481821,207286
C2308,21,000,State - ODISHA,Total,65-69,979525,487849,491676,547971,176224,371747,431554,311625,119929
C2308,21,000,State - ODISHA,Total,70-74,768070,380635,387435,461498,152486,309012,306572,228149,78423
C2308,21,000,State - ODISHA,Total,75-79,364800,183294,181506,211235,67700,143535,153565,115594,37971
C2308,21,000,State - ODISHA,Total,80+,397992,204857,193135,237114,83906,153208,160878,120951,39927
C2308,21,000,State - ODISHA,Total,Age not stated,119171,61347,57824,41867,16772,25095,77304,44575,32729
C2308,21,000,State - ODISHA,Rural,All ages,34970562,17586203,17384359,13592647,5431651,8160996,21377915,12154552,9223363
C2308,21,000,State - ODISHA,Rural,0-6,4525870,2325832,2200038,4525870,2325832,2200038,0,0,0
C2308,21,000,State - ODISHA,Rural,7,707591,356969,350622,219459,107752,111707,488132,249217,238915
C2308,21,000,State - ODISHA,Rural,8,731656,371645,360011,119066,57501,61565,612590,314144,298446
C2308,21,000,State - ODISHA,Rural,9,665994,336636,329358,68821,32108,36713,597173,304528,292645
C2308,21,000,State - ODISHA,Rural,10,782284,399530,382754,87690,40805,46885,694594,358725,335869
C2308,21,000,State - ODISHA,Rural,11,715742,364263,351479,53812,23796,30016,661930,340467,321463
C2308,21,000,State - ODISHA,Rural,12,783706,398499,385207,68376,29078,39298,715330,369421,345909
C2308,21,000,State - ODISHA,Rural,13,713333,356242,357091,53963,21667,32296,659370,334575,324795
C2308,21,000,State - ODISHA,Rural,14,710331,354009,356322,59033,22803,36230,651298,331206,320092
C2308,21,000,State - ODISHA,Rural,15,732658,366479,366179,82540,31620,50920,650118,334859,315259
C2308,21,000,State - ODISHA,Rural,16,644802,320852,323950,76688,27543,49145,568114,293309,274805
C2308,21,000,State - ODISHA,Rural,17,566815,281802,285013,66474,22620,43854,500341,259182,241159
C2308,21,000,State - ODISHA,Rural,18,746384,375829,370555,114938,37479,77459,631446,338350,293096
C2308,21,000,State - ODISHA,Rural,19,549512,272027,277485,78316,23546,54770,471196,248481,222715
C2308,21,000,State - ODISHA,Rural,20-24,3078847,1513663,1565184,556137,167228,388909,2522710,1346435,1176275
C2308,21,000,State - ODISHA,Rural,25-29,2918990,1446384,1472606,665646,212455,453191,2253344,1233929,1019415
C2308,21,000,State - ODISHA,Rural,30-34,2520189,1247203,1272986,712129,225253,486876,1808060,1021950,786110
C2308,21,000,State - ODISHA,Rural,35-39,2487391,1242592,1244799,857262,279377,577885,1630129,963215,666914
C2308,21,000,State - ODISHA,Rural,40-44,2196313,1126384,1069929,881045,305301,575744,1315268,821083,494185
C2308,21,000,State - ODISHA,Rural,45-49,1905599,982737,922862,841870,301570,540300,1063729,681167,382562
C2308,21,000,State - ODISHA,Rural,50-54,1516062,776529,739533,707971,251048,456923,808091,525481,282610
C2308,21,000,State - ODISHA,Rural,55-59,1235630,607411,628219,604454,188123,416331,631176,419288,211888
C2308,21,000,State - ODISHA,Rural,60-64,1269444,630692,638752,720712,236954,483758,548732,393738,154994
C2308,21,000,State - ODISHA,Rural,65-69,851670,421279,430391,506150,164559,341591,345520,256720,88800
C2308,21,000,State - ODISHA,Rural,70-74,666519,329265,337254,421503,141100,280403,245016,188165,56851
C2308,21,000,State - ODISHA,Rural,75-79,314077,157552,156525,192965,62821,130144,121112,94731,26381
C2308,21,000,State - ODISHA,Rural,80+,337943,175428,162515,212771,76989,135782,125172,98439,26733
C2308,21,000,State - ODISHA,Rural,Age not stated,95210,48470,46740,36986,14723,22263,58224,33747,24477
C2308,21,000,State - ODISHA,Urban,All ages,7003656,3625933,3377723,1638976,690804,948172,5364680,2935129,2429551
C2308,21,000,State - ODISHA,Urban,0-6,747324,390665,356659,747324,390665,356659,0,0,0
C2308,21,000,State - ODISHA,Urban,7,120533,62322,58211,23685,11999,11686,96848,50323,46525
C2308,21,000,State - ODISHA,Urban,8,118708,61865,56843,11105,5489,5616,107603,56376,51227
C2308,21,000,State - ODISHA,Urban,9,110121,57532,52589,6858,3362,3496,103263,54170,49093
C2308,21,000,State - ODISHA,Urban,10,131322,68684,62638,9357,4584,4773,121965,64100,57865
C2308,21,000,State - ODISHA,Urban,11,124191,64449,59742,5738,2850,2888,118453,61599,56854
C2308,21,000,State - ODISHA,Urban,12,133093,68604,64489,6894,3277,3617,126199,65327,60872
C2308,21,000,State - ODISHA,Urban,13,126140,63995,62145,5537,2550,2987,120603,61445,59158
C2308,21,000,State - ODISHA,Urban,14,128483,65260,63223,6134,2622,3512,122349,62638,59711
C2308,21,000,State - ODISHA,Urban,15,136928,70404,66524,7999,3587,4412,128929,66817,62112
C2308,21,000,State - ODISHA,Urban,16,130250,67183,63067,7763,3329,4434,122487,63854,58633
C2308,21,000,State - ODISHA,Urban,17,125231,64937,60294,7223,3018,4205,118008,61919,56089
C2308,21,000,State - ODISHA,Urban,18,160032,84669,75363,11728,4807,6921,148304,79862,68442
C2308,21,000,State - ODISHA,Urban,19,132786,68502,64284,8540,3254,5286,124246,65248,58998
C2308,21,000,State - ODISHA,Urban,20-24,704680,357276,347404,58652,20623,38029,646028,336653,309375
C2308,21,000,State - ODISHA,Urban,25-29,655047,326492,328555,69432,23595,45837,585615,302897,282718
C2308,21,000,State - ODISHA,Urban,30-34,582802,295030,287772,71962,23995,47967,510840,271035,239805
C2308,21,000,State - ODISHA,Urban,35-39,563797,286093,277704,85197,27238,57959,478600,258855,219745
C2308,21,000,State - ODISHA,Urban,40-44,495161,261536,233625,86356,28817,57539,408805,232719,176086
C2308,21,000,State - ODISHA,Urban,45-49,428431,229629,198802,82319,27065,55254,346112,202564,143548
C2308,21,000,State - ODISHA,Urban,50-54,331750,180995,150755,70527,22311,48216,261223,158684,102539
C2308,21,000,State - ODISHA,Urban,55-59,248090,136880,111210,55094,16011,39083,192996,120869,72127
C2308,21,000,State - ODISHA,Urban,60-64,204617,106943,97674,64242,18860,45382,140375,88083,52292
C2308,21,000,State - ODISHA,Urban,65-69,127855,66570,61285,41821,11665,30156,86034,54905,31129
C2308,21,000,State - ODISHA,Urban,70-74,101551,51370,50181,39995,11386,28609,61556,39984,21572
C2308,21,000,State - ODISHA,Urban,75-79,50723,25742,24981,18270,4879,13391,32453,20863,11590
C2308,21,000,State - ODISHA,Urban,80+,60049,29429,30620,24343,6917,17426,35706,22512,13194
C2308,21,000,State - ODISHA,Urban,Age not stated,23961,12877,11084,4881,2049,2832,19080,10828,8252
C2308,22,000,State - CHHATTISGARH,Total,All ages,25545198,12832895,12712303,10165276,4025002,6140274,15379922,8807893,6572029
C2308,22,000,State - CHHATTISGARH,Total,0-6,3661689,1859935,1801754,3661689,1859935,1801754,0,0,0
C2308,22,000,State - CHHATTISGARH,Total,7,539435,273006,266429,170347,84596,85751,369088,188410,180678
C2308,22,000,State - CHHATTISGARH,Total,8,573965,292487,281478,79954,38765,41189,494011,253722,240289
C2308,22,000,State - CHHATTISGARH,Total,9,524734,265621,259113,43701,20889,22812,481033,244732,236301
C2308,22,000,State - CHHATTISGARH,Total,10,642376,328502,313874,54918,26445,28473,587458,302057,285401
C2308,22,000,State - CHHATTISGARH,Total,11,570607,290403,280204,30434,13942,16492,540173,276461,263712
C2308,22,000,State - CHHATTISGARH,Total,12,590890,299695,291195,39390,17282,22108,551500,282413,269087
C2308,22,000,State - CHHATTISGARH,Total,13,534300,267634,266666,30854,12730,18124,503446,254904,248542
C2308,22,000,State - CHHATTISGARH,Total,14,545840,274951,270889,35713,14563,21150,510127,260388,249739
C2308,22,000,State - CHHATTISGARH,Total,15,549690,279910,269780,48830,19787,29043,500860,260123,240737
C2308,22,000,State - CHHATTISGARH,Total,16,541224,273513,267711,47514,18424,29090,493710,255089,238621
C2308,22,000,State - CHHATTISGARH,Total,17,473687,241275,232412,39918,14720,25198,433769,226555,207214
C2308,22,000,State - CHHATTISGARH,Total,18,586627,301756,284871,68531,24265,44266,518096,277491,240605
C2308,22,000,State - CHHATTISGARH,Total,19,448614,222997,225617,49083,14874,34209,399531,208123,191408
C2308,22,000,State - CHHATTISGARH,Total,20-24,2389497,1193378,1196119,372095,108881,263214,2017402,1084497,932905
C2308,22,000,State - CHHATTISGARH,Total,25-29,2057300,1049238,1008062,457448,141672,315776,1599852,907566,692286
C2308,22,000,State - CHHATTISGARH,Total,30-34,1815058,898023,917035,543876,156133,387743,1271182,741890,529292
C2308,22,000,State - CHHATTISGARH,Total,35-39,1779414,891265,888149,677656,202333,475323,1101758,688932,412826
C2308,22,000,State - CHHATTISGARH,Total,40-44,1576553,796402,780151,720429,231523,488906,856124,564879,291245
C2308,22,000,State - CHHATTISGARH,Total,45-49,1334374,692974,641400,677222,240579,436643,657152,452395,204757
C2308,22,000,State - CHHATTISGARH,Total,50-54,992947,510326,482621,531312,187503,343809,461635,322823,138812
C2308,22,000,State - CHHATTISGARH,Total,55-59,789353,389338,400015,440726,139504,301222,348627,249834,98793
C2308,22,000,State - CHHATTISGARH,Total,60-64,743742,348956,394786,467528,147546,319982,276214,201410,74804
C2308,22,000,State - CHHATTISGARH,Total,65-69,533810,244336,289474,355263,110890,244373,178547,133446,45101
C2308,22,000,State - CHHATTISGARH,Total,70-74,373000,174249,198751,263862,89965,173897,109138,84284,24854
C2308,22,000,State - CHHATTISGARH,Total,75-79,166578,75545,91033,117312,37874,79438,49266,37671,11595
C2308,22,000,State - CHHATTISGARH,Total,80+,186779,85073,101706,131491,46013,85478,55288,39060,16228
C2308,22,000,State - CHHATTISGARH,Total,Age not stated,23115,12107,11008,8180,3369,4811,14935,8738,6197
C2308,22,000,State - CHHATTISGARH,Rural,All ages,19607961,9797426,9810535,8599005,3394414,5204591,11008956,6403012,4605944
C2308,22,000,State - CHHATTISGARH,Rural,0-6,2924941,1479586,1445355,2924941,1479586,1445355,0,0,0
C2308,22,000,State - CHHATTISGARH,Rural,7,426476,215027,211449,146260,72285,73975,280216,142742,137474
C2308,22,000,State - CHHATTISGARH,Rural,8,461310,233876,227434,70848,34108,36740,390462,199768,190694
C2308,22,000,State - CHHATTISGARH,Rural,9,421397,212102,209295,38576,18239,20337,382821,193863,188958
C2308,22,000,State - CHHATTISGARH,Rural,10,515851,262420,253431,48109,22885,25224,467742,239535,228207
C2308,22,000,State - CHHATTISGARH,Rural,11,455140,230619,224521,26757,12085,14672,428383,218534,209849
C2308,22,000,State - CHHATTISGARH,Rural,12,470643,237551,233092,35166,15230,19936,435477,222321,213156
C2308,22,000,State - CHHATTISGARH,Rural,13,420147,209475,210672,27289,11014,16275,392858,198461,194397
C2308,22,000,State - CHHATTISGARH,Rural,14,427846,215009,212837,31667,12662,19005,396179,202347,193832
C2308,22,000,State - CHHATTISGARH,Rural,15,429113,217719,211394,43483,17385,26098,385630,200334,185296
C2308,22,000,State - CHHATTISGARH,Rural,16,420916,211746,209170,42277,16043,26234,378639,195703,182936
C2308,22,000,State - CHHATTISGARH,Rural,17,360911,183115,177796,35272,12739,22533,325639,170376,155263
C2308,22,000,State - CHHATTISGARH,Rural,18,450790,230617,220173,60958,21050,39908,389832,209567,180265
C2308,22,000,State - CHHATTISGARH,Rural,19,336321,166137,170184,43311,12744,30567,293010,153393,139617
C2308,22,000,State - CHHATTISGARH,Rural,20-24,1773929,885162,888767,328126,94762,233364,1445803,790400,655403
C2308,22,000,State - CHHATTISGARH,Rural,25-29,1508182,770527,737655,400655,124270,276385,1107527,646257,461270
C2308,22,000,State - CHHATTISGARH,Rural,30-34,1340001,656456,683545,476305,137551,338754,863696,518905,344791
C2308,22,000,State - CHHATTISGARH,Rural,35-39,1329416,663342,666074,590574,178764,411810,738842,484578,254264
C2308,22,000,State - CHHATTISGARH,Rural,40-44,1179152,590214,588938,627015,204734,422281,552137,385480,166657
C2308,22,000,State - CHHATTISGARH,Rural,45-49,998323,516444,481879,587023,213482,373541,411300,302962,108338
C2308,22,000,State - CHHATTISGARH,Rural,50-54,741578,376646,364932,459126,166501,292625,282452,210145,72307
C2308,22,000,State - CHHATTISGARH,Rural,55-59,603044,290945,312099,383750,124416,259334,219294,166529,52765
C2308,22,000,State - CHHATTISGARH,Rural,60-64,588321,273504,314817,408306,132701,275605,180015,140803,39212
C2308,22,000,State - CHHATTISGARH,Rural,65-69,429402,195192,234210,311820,100239,211581,117582,94953,22629
C2308,22,000,State - CHHATTISGARH,Rural,70-74,299448,139047,160401,229786,80922,148864,69662,58125,11537
C2308,22,000,State - CHHATTISGARH,Rural,75-79,132135,58945,73190,102397,34155,68242,29738,24790,4948
C2308,22,000,State - CHHATTISGARH,Rural,80+,149241,68761,80480,113402,41505,71897,35839,27256,8583
C2308,22,000,State - CHHATTISGARH,Rural,Age not stated,13987,7242,6745,5806,2357,3449,8181,4885,3296
C2308,22,000,State - CHHATTISGARH,Urban,All ages,5937237,3035469,2901768,1566271,630588,935683,4370966,2404881,1966085
C2308,22,000,State - CHHATTISGARH,Urban,0-6,736748,380349,356399,736748,380349,356399,0,0,0
C2308,22,000,State - CHHATTISGARH,Urban,7,112959,57979,54980,24087,12311,11776,88872,45668,43204
C2308,22,000,State - CHHATTISGARH,Urban,8,112655,58611,54044,9106,4657,4449,103549,53954,49595
C2308,22,000,State - CHHATTISGARH,Urban,9,103337,53519,49818,5125,2650,2475,98212,50869,47343
C2308,22,000,State - CHHATTISGARH,Urban,10,126525,66082,60443,6809,3560,3249,119716,62522,57194
C2308,22,000,State - CHHATTISGARH,Urban,11,115467,59784,55683,3677,1857,1820,111790,57927,53863
C2308,22,000,State - CHHATTISGARH,Urban,12,120247,62144,58103,4224,2052,2172,116023,60092,55931
C2308,22,000,State - CHHATTISGARH,Urban,13,114153,58159,55994,3565,1716,1849,110588,56443,54145
C2308,22,000,State - CHHATTISGARH,Urban,14,117994,59942,58052,4046,1901,2145,113948,58041,55907
C2308,22,000,State - CHHATTISGARH,Urban,15,120577,62191,58386,5347,2402,2945,115230,59789,55441
C2308,22,000,State - CHHATTISGARH,Urban,16,120308,61767,58541,5237,2381,2856,115071,59386,55685
C2308,22,000,State - CHHATTISGARH,Urban,17,112776,58160,54616,4646,1981,2665,108130,56179,51951
C2308,22,000,State - CHHATTISGARH,Urban,18,135837,71139,64698,7573,3215,4358,128264,67924,60340
C2308,22,000,State - CHHATTISGARH,Urban,19,112293,56860,55433,5772,2130,3642,106521,54730,51791
C2308,22,000,State - CHHATTISGARH,Urban,20-24,615568,308216,307352,43969,14119,29850,571599,294097,277502
C2308,22,000,State - CHHATTISGARH,Urban,25-29,549118,278711,270407,56793,17402,39391,492325,261309,231016
C2308,22,000,State - CHHATTISGARH,Urban,30-34,475057,241567,233490,67571,18582,48989,407486,222985,184501
C2308,22,000,State - CHHATTISGARH,Urban,35-39,449998,227923,222075,87082,23569,63513,362916,204354,158562
C2308,22,000,State - CHHATTISGARH,Urban,40-44,397401,206188,191213,93414,26789,66625,303987,179399,124588
C2308,22,000,State - CHHATTISGARH,Urban,45-49,336051,176530,159521,90199,27097,63102,245852,149433,96419
C2308,22,000,State - CHHATTISGARH,Urban,50-54,251369,133680,117689,72186,21002,51184,179183,112678,66505
C2308,22,000,State - CHHATTISGARH,Urban,55-59,186309,98393,87916,56976,15088,41888,129333,83305,46028
C2308,22,000,State - CHHATTISGARH,Urban,60-64,155421,75452,79969,59222,14845,44377,96199,60607,35592
C2308,22,000,State - CHHATTISGARH,Urban,65-69,104408,49144,55264,43443,10651,32792,60965,38493,22472
C2308,22,000,State - CHHATTISGARH,Urban,70-74,73552,35202,38350,34076,9043,25033,39476,26159,13317
C2308,22,000,State - CHHATTISGARH,Urban,75-79,34443,16600,17843,14915,3719,11196,19528,12881,6647
C2308,22,000,State - CHHATTISGARH,Urban,80+,37538,16312,21226,18089,4508,13581,19449,11804,7645
C2308,22,000,State - CHHATTISGARH,Urban,Age not stated,9128,4865,4263,2374,1012,1362,6754,3853,2901
C2308,23,000,State - MADHYA PRADESH,Total,All ages,72626809,37612306,35014503,29775640,12437978,17337662,42851169,25174328,17676841
C2308,23,000,State - MADHYA PRADESH,Total,0-6,10809395,5636172,5173223,10809395,5636172,5173223,0,0,0
C2308,23,000,State - MADHYA PRADESH,Total,7,1611608,833279,778329,451689,231135,220554,1159919,602144,557775
C2308,23,000,State - MADHYA PRADESH,Total,8,1794192,930043,864149,255144,128581,126563,1539048,801462,737586
C2308,23,000,State - MADHYA PRADESH,Total,9,1522546,784446,738100,145899,72231,73668,1376647,712215,664432
C2308,23,000,State - MADHYA PRADESH,Total,10,1981094,1030242,950852,199630,99464,100166,1781464,930778,850686
C2308,23,000,State - MADHYA PRADESH,Total,11,1619727,835981,783746,112118,54673,57445,1507609,781308,726301
C2308,23,000,State - MADHYA PRADESH,Total,12,1819616,948499,871117,140782,67146,73636,1678834,881353,797481
C2308,23,000,State - MADHYA PRADESH,Total,13,1551079,798035,753044,107927,48897,59030,1443152,749138,694014
C2308,23,000,State - MADHYA PRADESH,Total,14,1592985,826572,766413,128918,58309,70609,1464067,768263,695804
C2308,23,000,State - MADHYA PRADESH,Total,15,1613080,858450,754630,164512,76032,88480,1448568,782418,666150
C2308,23,000,State - MADHYA PRADESH,Total,16,1551453,827357,724096,168531,74836,93695,1382922,752521,630401
C2308,23,000,State - MADHYA PRADESH,Total,17,1293143,694205,598938,137274,57039,80235,1155869,637166,518703
C2308,23,000,State - MADHYA PRADESH,Total,18,1741842,943897,797945,263317,101399,161918,1478525,842498,636027
C2308,23,000,State - MADHYA PRADESH,Total,19,1247271,656163,591108,182231,59190,123041,1065040,596973,468067
C2308,23,000,State - MADHYA PRADESH,Total,20-24,6727579,3554088,3173491,1393518,453809,939709,5334061,3100279,2233782
C2308,23,000,State - MADHYA PRADESH,Total,25-29,5787506,2988325,2799181,1634163,534120,1100043,4153343,2454205,1699138
C2308,23,000,State - MADHYA PRADESH,Total,30-34,5214960,2650705,2564255,1795825,579968,1215857,3419135,2070737,1348398
C2308,23,000,State - MADHYA PRADESH,Total,35-39,4861671,2493464,2368207,1942073,645375,1296698,2919598,1848089,1071509
C2308,23,000,State - MADHYA PRADESH,Total,40-44,4214474,2193888,2020586,1878511,659510,1219001,2335963,1534378,801585
C2308,23,000,State - MADHYA PRADESH,Total,45-49,3522961,1838798,1684163,1693363,605426,1087937,1829598,1233372,596226
C2308,23,000,State - MADHYA PRADESH,Total,50-54,2694372,1446522,1247850,1347686,510457,837229,1346686,936065,410621
C2308,23,000,State - MADHYA PRADESH,Total,55-59,2058077,1030243,1027834,1100238,359925,740313,957839,670318,287521
C2308,23,000,State - MADHYA PRADESH,Total,60-64,1987410,989463,997947,1191097,420706,770391,796313,568757,227556
C2308,23,000,State - MADHYA PRADESH,Total,65-69,1427061,680005,747056,912118,307746,604372,514943,372259,142684
C2308,23,000,State - MADHYA PRADESH,Total,70-74,1107421,545246,562175,764245,288909,475336,343176,256337,86839
C2308,23,000,State - MADHYA PRADESH,Total,75-79,523355,244807,278548,359224,124543,234681,164131,120264,43867
C2308,23,000,State - MADHYA PRADESH,Total,80+,668069,310035,358034,464737,168483,296254,203332,141552,61780
C2308,23,000,State - MADHYA PRADESH,Total,Age not stated,82862,43376,39486,31475,13897,17578,51387,29479,21908
C2308,23,000,State - MADHYA PRADESH,Rural,All ages,52557404,27149388,25408016,24275418,10094406,14181012,28281986,17054982,11227004
C2308,23,000,State - MADHYA PRADESH,Rural,0-6,8325731,4329993,3995738,8325731,4329993,3995738,0,0,0
C2308,23,000,State - MADHYA PRADESH,Rural,7,1225059,630495,594564,364842,185932,178910,860217,444563,415654
C2308,23,000,State - MADHYA PRADESH,Rural,8,1395824,718948,676876,213213,106793,106420,1182611,612155,570456
C2308,23,000,State - MADHYA PRADESH,Rural,9,1164521,595003,569518,119147,58450,60697,1045374,536553,508821
C2308,23,000,State - MADHYA PRADESH,Rural,10,1523856,786305,737551,163405,80559,82846,1360451,705746,654705
C2308,23,000,State - MADHYA PRADESH,Rural,11,1223336,626084,597252,90893,43528,47365,1132443,582556,549887
C2308,23,000,State - MADHYA PRADESH,Rural,12,1390806,719800,671006,117799,55169,62630,1273007,664631,608376
C2308,23,000,State - MADHYA PRADESH,Rural,13,1158366,593136,565230,88852,39274,49578,1069514,553862,515652
C2308,23,000,State - MADHYA PRADESH,Rural,14,1184671,612776,571895,107537,47576,59961,1077134,565200,511934
C2308,23,000,State - MADHYA PRADESH,Rural,15,1190005,632822,557183,137406,62081,75325,1052599,570741,481858
C2308,23,000,State - MADHYA PRADESH,Rural,16,1136887,606419,530468,141595,61126,80469,995292,545293,449999
C2308,23,000,State - MADHYA PRADESH,Rural,17,911781,490475,421306,113864,45147,68717,797917,445328,352589
C2308,23,000,State - MADHYA PRADESH,Rural,18,1256756,680746,576010,223319,81711,141608,1033437,599035,434402
C2308,23,000,State - MADHYA PRADESH,Rural,19,864291,451885,412406,153979,46670,107309,710312,405215,305097
C2308,23,000,State - MADHYA PRADESH,Rural,20-24,4678759,2481628,2197131,1189205,373857,815348,3489554,2107771,1381783
C2308,23,000,State - MADHYA PRADESH,Rural,25-29,3990858,2067454,1923404,1394478,450633,943845,2596380,1616821,979559
C2308,23,000,State - MADHYA PRADESH,Rural,30-34,3638969,1841507,1797462,1531771,493321,1038450,2107198,1348186,759012
C2308,23,000,State - MADHYA PRADESH,Rural,35-39,3407607,1750469,1657138,1642113,549640,1092473,1765494,1200829,564665
C2308,23,000,State - MADHYA PRADESH,Rural,40-44,2937258,1527419,1409839,1582722,563282,1019440,1354536,964137,390399
C2308,23,000,State - MADHYA PRADESH,Rural,45-49,2425510,1260719,1164791,1420827,519011,901816,1004683,741708,262975
C2308,23,000,State - MADHYA PRADESH,Rural,50-54,1847524,988058,859466,1127033,439502,687531,720491,548556,171935
C2308,23,000,State - MADHYA PRADESH,Rural,55-59,1437113,704014,733099,925718,311730,613988,511395,392284,119111
C2308,23,000,State - MADHYA PRADESH,Rural,60-64,1437170,711867,725303,997991,365959,632032,439179,345908,93271
C2308,23,000,State - MADHYA PRADESH,Rural,65-69,1054385,497698,556687,767183,268654,498529,287202,229044,58158
C2308,23,000,State - MADHYA PRADESH,Rural,70-74,826774,408168,418606,636451,251645,384806,190323,156523,33800
C2308,23,000,State - MADHYA PRADESH,Rural,75-79,384851,178514,206337,299139,108496,190643,85712,70018,15694
C2308,23,000,State - MADHYA PRADESH,Rural,80+,491426,232111,259315,377563,145120,232443,113863,86991,26872
C2308,23,000,State - MADHYA PRADESH,Rural,Age not stated,47310,24875,22435,21642,9547,12095,25668,15328,10340
C2308,23,000,State - MADHYA PRADESH,Urban,All ages,20069405,10462918,9606487,5500222,2343572,3156650,14569183,8119346,6449837
C2308,23,000,State - MADHYA PRADESH,Urban,0-6,2483664,1306179,1177485,2483664,1306179,1177485,0,0,0
C2308,23,000,State - MADHYA PRADESH,Urban,7,386549,202784,183765,86847,45203,41644,299702,157581,142121
C2308,23,000,State - MADHYA PRADESH,Urban,8,398368,211095,187273,41931,21788,20143,356437,189307,167130
C2308,23,000,State - MADHYA PRADESH,Urban,9,358025,189443,168582,26752,13781,12971,331273,175662,155611
C2308,23,000,State - MADHYA PRADESH,Urban,10,457238,243937,213301,36225,18905,17320,421013,225032,195981
C2308,23,000,State - MADHYA PRADESH,Urban,11,396391,209897,186494,21225,11145,10080,375166,198752,176414
C2308,23,000,State - MADHYA PRADESH,Urban,12,428810,228699,200111,22983,11977,11006,405827,216722,189105
C2308,23,000,State - MADHYA PRADESH,Urban,13,392713,204899,187814,19075,9623,9452,373638,195276,178362
C2308,23,000,State - MADHYA PRADESH,Urban,14,408314,213796,194518,21381,10733,10648,386933,203063,183870
C2308,23,000,State - MADHYA PRADESH,Urban,15,423075,225628,197447,27106,13951,13155,395969,211677,184292
C2308,23,000,State - MADHYA PRADESH,Urban,16,414566,220938,193628,26936,13710,13226,387630,207228,180402
C2308,23,000,State - MADHYA PRADESH,Urban,17,381362,203730,177632,23410,11892,11518,357952,191838,166114
C2308,23,000,State - MADHYA PRADESH,Urban,18,485086,263151,221935,39998,19688,20310,445088,243463,201625
C2308,23,000,State - MADHYA PRADESH,Urban,19,382980,204278,178702,28252,12520,15732,354728,191758,162970
C2308,23,000,State - MADHYA PRADESH,Urban,20-24,2048820,1072460,976360,204313,79952,124361,1844507,992508,851999
C2308,23,000,State - MADHYA PRADESH,Urban,25-29,1796648,920871,875777,239685,83487,156198,1556963,837384,719579
C2308,23,000,State - MADHYA PRADESH,Urban,30-34,1575991,809198,766793,264054,86647,177407,1311937,722551,589386
C2308,23,000,State - MADHYA PRADESH,Urban,35-39,1454064,742995,711069,299960,95735,204225,1154104,647260,506844
C2308,23,000,State - MADHYA PRADESH,Urban,40-44,1277216,666469,610747,295789,96228,199561,981427,570241,411186
C2308,23,000,State - MADHYA PRADESH,Urban,45-49,1097451,578079,519372,272536,86415,186121,824915,491664,333251
C2308,23,000,State - MADHYA PRADESH,Urban,50-54,846848,458464,388384,220653,70955,149698,626195,387509,238686
C2308,23,000,State - MADHYA PRADESH,Urban,55-59,620964,326229,294735,174520,48195,126325,446444,278034,168410
C2308,23,000,State - MADHYA PRADESH,Urban,60-64,550240,277596,272644,193106,54747,138359,357134,222849,134285
C2308,23,000,State - MADHYA PRADESH,Urban,65-69,372676,182307,190369,144935,39092,105843,227741,143215,84526
C2308,23,000,State - MADHYA PRADESH,Urban,70-74,280647,137078,143569,127794,37264,90530,152853,99814,53039
C2308,23,000,State - MADHYA PRADESH,Urban,75-79,138504,66293,72211,60085,16047,44038,78419,50246,28173
C2308,23,000,State - MADHYA PRADESH,Urban,80+,176643,77924,98719,87174,23363,63811,89469,54561,34908
C2308,23,000,State - MADHYA PRADESH,Urban,Age not stated,35552,18501,17051,9833,4350,5483,25719,14151,11568
C2308,24,000,State - GUJARAT,Total,All ages,60439692,31491260,28948432,19346334,8016387,11329947,41093358,23474873,17618485
C2308,24,000,State - GUJARAT,Total,0-6,7777262,4115384,3661878,7777262,4115384,3661878,0,0,0
C2308,24,000,State - GUJARAT,Total,7,1206246,642667,563579,249494,126514,122980,956752,516153,440599
C2308,24,000,State - GUJARAT,Total,8,1178323,629448,548875,117831,57536,60295,1060492,571912,488580
C2308,24,000,State - GUJARAT,Total,9,1134337,610792,523545,76912,36689,40223,1057425,574103,483322
C2308,24,000,State - GUJARAT,Total,10,1311960,704106,607854,95832,45706,50126,1216128,658400,557728
C2308,24,000,State - GUJARAT,Total,11,1236591,663546,573045,64927,29143,35784,1171664,634403,537261
C2308,24,000,State - GUJARAT,Total,12,1245225,663603,581622,72579,31317,41262,1172646,632286,540360
C2308,24,000,State - GUJARAT,Total,13,1180511,626998,553513,63786,26342,37444,1116725,600656,516069
C2308,24,000,State - GUJARAT,Total,14,1175158,625581,549577,69436,28154,41282,1105722,597427,508295
C2308,24,000,State - GUJARAT,Total,15,1221988,656901,565087,92845,38579,54266,1129143,618322,510821
C2308,24,000,State - GUJARAT,Total,16,1148027,612601,535426,86382,34378,52004,1061645,578223,483422
C2308,24,000,State - GUJARAT,Total,17,1100940,592392,508548,83063,32769,50294,1017877,559623,458254
C2308,24,000,State - GUJARAT,Total,18,1297444,702316,595128,131099,50049,81050,1166345,652267,514078
C2308,24,000,State - GUJARAT,Total,19,1097361,581900,515461,105110,36022,69088,992251,545878,446373
C2308,24,000,State - GUJARAT,Total,20-24,5780722,3046127,2734595,762896,251381,511515,5017826,2794746,2223080
C2308,24,000,State - GUJARAT,Total,25-29,5278822,2767283,2511539,877593,279938,597655,4401229,2487345,1913884
C2308,24,000,State - GUJARAT,Total,30-34,4770528,2467024,2303504,1001618,313287,688331,3768910,2153737,1615173
C2308,24,000,State - GUJARAT,Total,35-39,4341225,2258335,2082890,1114863,367300,747563,3226362,1891035,1335327
C2308,24,000,State - GUJARAT,Total,40-44,3865476,1993876,1871600,1173870,387554,786316,2691606,1606322,1085284
C2308,24,000,State - GUJARAT,Total,45-49,3314013,1711872,1602141,1106977,366529,740448,2207036,1345343,861693
C2308,24,000,State - GUJARAT,Total,50-54,2697183,1409273,1287910,979791,335411,644380,1717392,1073862,643530
C2308,24,000,State - GUJARAT,Total,55-59,2054947,1038088,1016859,785505,244265,541240,1269442,793823,475619
C2308,24,000,State - GUJARAT,Total,60-64,1727752,851259,876493,779598,253086,526512,948154,598173,349981
C2308,24,000,State - GUJARAT,Total,65-69,1170072,550002,620070,571831,174882,396949,598241,375120,223121
C2308,24,000,State - GUJARAT,Total,70-74,899677,417522,482155,488093,159309,328784,411584,258213,153371
C2308,24,000,State - GUJARAT,Total,75-79,439996,196341,243655,230894,69286,161608,209102,127055,82047
C2308,24,000,State - GUJARAT,Total,80+,549062,230477,318585,321029,98612,222417,228033,131865,96168
C2308,24,000,State - GUJARAT,Total,Age not stated,238844,125546,113298,65218,26965,38253,173626,98581,75045
C2308,24,000,State - GUJARAT,Rural,All ages,34694609,17799159,16895450,13273767,5331516,7942251,21420842,12467643,8953199
C2308,24,000,State - GUJARAT,Rural,0-6,4824903,2521455,2303448,4824903,2521455,2303448,0,0,0
C2308,24,000,State - GUJARAT,Rural,7,737692,386470,351222,163426,81753,81673,574266,304717,269549
C2308,24,000,State - GUJARAT,Rural,8,739884,388990,350894,78479,37766,40713,661405,351224,310181
C2308,24,000,State - GUJARAT,Rural,9,707049,373999,333050,49621,23061,26560,657428,350938,306490
C2308,24,000,State - GUJARAT,Rural,10,812478,427486,384992,61551,28580,32971,750927,398906,352021
C2308,24,000,State - GUJARAT,Rural,11,762497,402077,360420,41871,18067,23804,720626,384010,336616
C2308,24,000,State - GUJARAT,Rural,12,772750,404555,368195,48415,19998,28417,724335,384557,339778
C2308,24,000,State - GUJARAT,Rural,13,726657,380707,345950,43038,16935,26103,683619,363772,319847
C2308,24,000,State - GUJARAT,Rural,14,713499,374554,338945,47084,18007,29077,666415,356547,309868
C2308,24,000,State - GUJARAT,Rural,15,740679,391524,349155,62693,24704,37989,677986,366820,311166
C2308,24,000,State - GUJARAT,Rural,16,685110,359632,325478,59081,21889,37192,626029,337743,288286
C2308,24,000,State - GUJARAT,Rural,17,636868,334951,301917,55569,19766,35803,581299,315185,266114
C2308,24,000,State - GUJARAT,Rural,18,743403,388891,354512,89186,29983,59203,654217,358908,295309
C2308,24,000,State - GUJARAT,Rural,19,600474,306576,293898,70403,21020,49383,530071,285556,244515
C2308,24,000,State - GUJARAT,Rural,20-24,3129114,1613761,1515353,526949,158130,368819,2602165,1455631,1146534
C2308,24,000,State - GUJARAT,Rural,25-29,2767541,1439403,1328138,617800,185645,432155,2149741,1253758,895983
C2308,24,000,State - GUJARAT,Rural,30-34,2567865,1309468,1258397,725686,217425,508261,1842179,1092043,750136
C2308,24,000,State - GUJARAT,Rural,35-39,2379877,1230816,1149061,818058,264795,553263,1561819,966021,595798
C2308,24,000,State - GUJARAT,Rural,40-44,2149186,1096357,1052829,871409,285748,585661,1277777,810609,467168
C2308,24,000,State - GUJARAT,Rural,45-49,1830536,938828,891708,826366,276620,549746,1004170,662208,341962
C2308,24,000,State - GUJARAT,Rural,50-54,1504667,772574,732093,739126,256307,482819,765541,516267,249274
C2308,24,000,State - GUJARAT,Rural,55-59,1161872,569554,592318,602641,191355,411286,559231,378199,181032
C2308,24,000,State - GUJARAT,Rural,60-64,1023043,494349,528694,591999,197749,394250,431044,296600,134444
C2308,24,000,State - GUJARAT,Rural,65-69,707269,323610,383659,436699,138771,297928,270570,184839,85731
C2308,24,000,State - GUJARAT,Rural,70-74,559725,256602,303123,372601,127980,244621,187124,128622,58502
C2308,24,000,State - GUJARAT,Rural,75-79,262004,113543,148461,175569,55680,119889,86435,57863,28572
C2308,24,000,State - GUJARAT,Rural,80+,332285,139154,193131,234585,76940,157645,97700,62214,35486
C2308,24,000,State - GUJARAT,Rural,Age not stated,115682,59273,56409,38959,15387,23572,76723,43886,32837
C2308,24,000,State - GUJARAT,Urban,All ages,25745083,13692101,12052982,6072567,2684871,3387696,19672516,11007230,8665286
C2308,24,000,State - GUJARAT,Urban,0-6,2952359,1593929,1358430,2952359,1593929,1358430,0,0,0
C2308,24,000,State - GUJARAT,Urban,7,468554,256197,212357,86068,44761,41307,382486,211436,171050
C2308,24,000,State - GUJARAT,Urban,8,438439,240458,197981,39352,19770,19582,399087,220688,178399
C2308,24,000,State - GUJARAT,Urban,9,427288,236793,190495,27291,13628,13663,399997,223165,176832
C2308,24,000,State - GUJARAT,Urban,10,499482,276620,222862,34281,17126,17155,465201,259494,205707
C2308,24,000,State - GUJARAT,Urban,11,474094,261469,212625,23056,11076,11980,451038,250393,200645
C2308,24,000,State - GUJARAT,Urban,12,472475,259048,213427,24164,11319,12845,448311,247729,200582
C2308,24,000,State - GUJARAT,Urban,13,453854,246291,207563,20748,9407,11341,433106,236884,196222
C2308,24,000,State - GUJARAT,Urban,14,461659,251027,210632,22352,10147,12205,439307,240880,198427
C2308,24,000,State - GUJARAT,Urban,15,481309,265377,215932,30152,13875,16277,451157,251502,199655
C2308,24,000,State - GUJARAT,Urban,16,462917,252969,209948,27301,12489,14812,435616,240480,195136
C2308,24,000,State - GUJARAT,Urban,17,464072,257441,206631,27494,13003,14491,436578,244438,192140
C2308,24,000,State - GUJARAT,Urban,18,554041,313425,240616,41913,20066,21847,512128,293359,218769
C2308,24,000,State - GUJARAT,Urban,19,496887,275324,221563,34707,15002,19705,462180,260322,201858
C2308,24,000,State - GUJARAT,Urban,20-24,2651608,1432366,1219242,235947,93251,142696,2415661,1339115,1076546
C2308,24,000,State - GUJARAT,Urban,25-29,2511281,1327880,1183401,259793,94293,165500,2251488,1233587,1017901
C2308,24,000,State - GUJARAT,Urban,30-34,2202663,1157556,1045107,275932,95862,180070,1926731,1061694,865037
C2308,24,000,State - GUJARAT,Urban,35-39,1961348,1027519,933829,296805,102505,194300,1664543,925014,739529
C2308,24,000,State - GUJARAT,Urban,40-44,1716290,897519,818771,302461,101806,200655,1413829,795713,618116
C2308,24,000,State - GUJARAT,Urban,45-49,1483477,773044,710433,280611,89909,190702,1202866,683135,519731
C2308,24,000,State - GUJARAT,Urban,50-54,1192516,636699,555817,240665,79104,161561,951851,557595,394256
C2308,24,000,State - GUJARAT,Urban,55-59,893075,468534,424541,182864,52910,129954,710211,415624,294587
C2308,24,000,State - GUJARAT,Urban,60-64,704709,356910,347799,187599,55337,132262,517110,301573,215537
C2308,24,000,State - GUJARAT,Urban,65-69,462803,226392,236411,135132,36111,99021,327671,190281,137390
C2308,24,000,State - GUJARAT,Urban,70-74,339952,160920,179032,115492,31329,84163,224460,129591,94869
C2308,24,000,State - GUJARAT,Urban,75-79,177992,82798,95194,55325,13606,41719,122667,69192,53475
C2308,24,000,State - GUJARAT,Urban,80+,216777,91323,125454,86444,21672,64772,130333,69651,60682
C2308,24,000,State - GUJARAT,Urban,Age not stated,123162,66273,56889,26259,11578,14681,96903,54695,42208
C2308,25,000,State - DAMAN & DIU,Total,All ages,243247,150301,92946,54841,25658,29183,188406,124643,63763
C2308,25,000,State - DAMAN & DIU,Total,0-6,26934,14144,12790,26934,14144,12790,0,0,0
C2308,25,000,State - DAMAN & DIU,Total,7,3770,1998,1772,683,370,313,3087,1628,1459
C2308,25,000,State - DAMAN & DIU,Total,8,3648,1934,1714,261,133,128,3387,1801,1586
C2308,25,000,State - DAMAN & DIU,Total,9,3312,1772,1540,148,73,75,3164,1699,1465
C2308,25,000,State - DAMAN & DIU,Total,10,3732,1982,1750,181,86,95,3551,1896,1655
C2308,25,000,State - DAMAN & DIU,Total,11,3597,1940,1657,114,48,66,3483,1892,1591
C2308,25,000,State - DAMAN & DIU,Total,12,3378,1818,1560,91,44,47,3287,1774,1513
C2308,25,000,State - DAMAN & DIU,Total,13,3289,1747,1542,76,42,34,3213,1705,1508
C2308,25,000,State - DAMAN & DIU,Total,14,3325,1813,1512,117,67,50,3208,1746,1462
C2308,25,000,State - DAMAN & DIU,Total,15,3550,2068,1482,170,111,59,3380,1957,1423
C2308,25,000,State - DAMAN & DIU,Total,16,3876,2421,1455,183,120,63,3693,2301,1392
C2308,25,000,State - DAMAN & DIU,Total,17,4511,3048,1463,277,210,67,4234,2838,1396
C2308,25,000,State - DAMAN & DIU,Total,18,7599,5777,1822,637,502,135,6962,5275,1687
C2308,25,000,State - DAMAN & DIU,Total,19,6778,4925,1853,461,335,126,6317,4590,1727
C2308,25,000,State - DAMAN & DIU,Total,20-24,38584,27925,10659,3138,1909,1229,35446,26016,9430
C2308,25,000,State - DAMAN & DIU,Total,25-29,33181,22044,11137,3215,1542,1673,29966,20502,9464
C2308,25,000,State - DAMAN & DIU,Total,30-34,24031,15314,8717,2699,1163,1536,21332,14151,7181
C2308,25,000,State - DAMAN & DIU,Total,35-39,19550,12255,7295,2687,1080,1607,16863,11175,5688
C2308,25,000,State - DAMAN & DIU,Total,40-44,13601,8384,5217,2276,883,1393,11325,7501,3824
C2308,25,000,State - DAMAN & DIU,Total,45-49,9618,5649,3969,2058,727,1331,7560,4922,2638
C2308,25,000,State - DAMAN & DIU,Total,50-54,6610,3646,2964,1674,498,1176,4936,3148,1788
C2308,25,000,State - DAMAN & DIU,Total,55-59,5056,2576,2480,1479,387,1092,3577,2189,1388
C2308,25,000,State - DAMAN & DIU,Total,60-64,4308,1977,2331,1696,404,1292,2612,1573,1039
C2308,25,000,State - DAMAN & DIU,Total,65-69,2753,1182,1571,1234,272,962,1519,910,609
C2308,25,000,State - DAMAN & DIU,Total,70-74,2103,841,1262,1096,237,859,1007,604,403
C2308,25,000,State - DAMAN & DIU,Total,75-79,1067,437,630,557,113,444,510,324,186
C2308,25,000,State - DAMAN & DIU,Total,80+,1130,436,694,639,129,510,491,307,184
C2308,25,000,State - DAMAN & DIU,Total,Age not stated,356,248,108,60,29,31,296,219,77
C2308,25,000,State - DAMAN & DIU,Rural,All ages,60396,32395,28001,17307,6866,10441,43089,25529,17560
C2308,25,000,State - DAMAN & DIU,Rural,0-6,7438,3849,3589,7438,3849,3589,0,0,0
C2308,25,000,State - DAMAN & DIU,Rural,7,1176,622,554,211,129,82,965,493,472
C2308,25,000,State - DAMAN & DIU,Rural,8,1194,620,574,52,28,24,1142,592,550
C2308,25,000,State - DAMAN & DIU,Rural,9,1133,583,550,25,15,10,1108,568,540
C2308,25,000,State - DAMAN & DIU,Rural,10,1321,668,653,35,20,15,1286,648,638
C2308,25,000,State - DAMAN & DIU,Rural,11,1330,722,608,21,10,11,1309,712,597
C2308,25,000,State - DAMAN & DIU,Rural,12,1265,674,591,19,10,9,1246,664,582
C2308,25,000,State - DAMAN & DIU,Rural,13,1231,620,611,16,9,7,1215,611,604
C2308,25,000,State - DAMAN & DIU,Rural,14,1188,618,570,16,8,8,1172,610,562
C2308,25,000,State - DAMAN & DIU,Rural,15,1222,660,562,21,12,9,1201,648,553
C2308,25,000,State - DAMAN & DIU,Rural,16,1214,677,537,15,7,8,1199,670,529
C2308,25,000,State - DAMAN & DIU,Rural,17,1293,704,589,37,26,11,1256,678,578
C2308,25,000,State - DAMAN & DIU,Rural,18,1484,908,576,60,44,16,1424,864,560
C2308,25,000,State - DAMAN & DIU,Rural,19,1442,817,625,61,34,27,1381,783,598
C2308,25,000,State - DAMAN & DIU,Rural,20-24,7024,4117,2907,442,177,265,6582,3940,2642
C2308,25,000,State - DAMAN & DIU,Rural,25-29,6125,3416,2709,635,210,425,5490,3206,2284
C2308,25,000,State - DAMAN & DIU,Rural,30-34,5077,2823,2254,856,268,588,4221,2555,1666
C2308,25,000,State - DAMAN & DIU,Rural,35-39,4681,2601,2080,1129,318,811,3552,2283,1269
C2308,25,000,State - DAMAN & DIU,Rural,40-44,3489,1905,1584,1062,303,759,2427,1602,825
C2308,25,000,State - DAMAN & DIU,Rural,45-49,2766,1496,1270,1024,305,719,1742,1191,551
C2308,25,000,State - DAMAN & DIU,Rural,50-54,2090,1047,1043,892,220,672,1198,827,371
C2308,25,000,State - DAMAN & DIU,Rural,55-59,1547,740,807,806,209,597,741,531,210
C2308,25,000,State - DAMAN & DIU,Rural,60-64,1388,592,796,858,222,636,530,370,160
C2308,25,000,State - DAMAN & DIU,Rural,65-69,870,374,496,568,160,408,302,214,88
C2308,25,000,State - DAMAN & DIU,Rural,70-74,675,275,400,495,147,348,180,128,52
C2308,25,000,State - DAMAN & DIU,Rural,75-79,314,112,202,242,60,182,72,52,20
C2308,25,000,State - DAMAN & DIU,Rural,80+,336,112,224,250,59,191,86,53,33
C2308,25,000,State - DAMAN & DIU,Rural,Age not stated,83,43,40,21,7,14,62,36,26
C2308,25,000,State - DAMAN & DIU,Urban,All ages,182851,117906,64945,37534,18792,18742,145317,99114,46203
C2308,25,000,State - DAMAN & DIU,Urban,0-6,19496,10295,9201,19496,10295,9201,0,0,0
C2308,25,000,State - DAMAN & DIU,Urban,7,2594,1376,1218,472,241,231,2122,1135,987
C2308,25,000,State - DAMAN & DIU,Urban,8,2454,1314,1140,209,105,104,2245,1209,1036
C2308,25,000,State - DAMAN & DIU,Urban,9,2179,1189,990,123,58,65,2056,1131,925
C2308,25,000,State - DAMAN & DIU,Urban,10,2411,1314,1097,146,66,80,2265,1248,1017
C2308,25,000,State - DAMAN & DIU,Urban,11,2267,1218,1049,93,38,55,2174,1180,994
C2308,25,000,State - DAMAN & DIU,Urban,12,2113,1144,969,72,34,38,2041,1110,931
C2308,25,000,State - DAMAN & DIU,Urban,13,2058,1127,931,60,33,27,1998,1094,904
C2308,25,000,State - DAMAN & DIU,Urban,14,2137,1195,942,101,59,42,2036,1136,900
C2308,25,000,State - DAMAN & DIU,Urban,15,2328,1408,920,149,99,50,2179,1309,870
C2308,25,000,State - DAMAN & DIU,Urban,16,2662,1744,918,168,113,55,2494,1631,863
C2308,25,000,State - DAMAN & DIU,Urban,17,3218,2344,874,240,184,56,2978,2160,818
C2308,25,000,State - DAMAN & DIU,Urban,18,6115,4869,1246,577,458,119,5538,4411,1127
C2308,25,000,State - DAMAN & DIU,Urban,19,5336,4108,1228,400,301,99,4936,3807,1129
C2308,25,000,State - DAMAN & DIU,Urban,20-24,31560,23808,7752,2696,1732,964,28864,22076,6788
C2308,25,000,State - DAMAN & DIU,Urban,25-29,27056,18628,8428,2580,1332,1248,24476,17296,7180
C2308,25,000,State - DAMAN & DIU,Urban,30-34,18954,12491,6463,1843,895,948,17111,11596,5515
C2308,25,000,State - DAMAN & DIU,Urban,35-39,14869,9654,5215,1558,762,796,13311,8892,4419
C2308,25,000,State - DAMAN & DIU,Urban,40-44,10112,6479,3633,1214,580,634,8898,5899,2999
C2308,25,000,State - DAMAN & DIU,Urban,45-49,6852,4153,2699,1034,422,612,5818,3731,2087
C2308,25,000,State - DAMAN & DIU,Urban,50-54,4520,2599,1921,782,278,504,3738,2321,1417
C2308,25,000,State - DAMAN & DIU,Urban,55-59,3509,1836,1673,673,178,495,2836,1658,1178
C2308,25,000,State - DAMAN & DIU,Urban,60-64,2920,1385,1535,838,182,656,2082,1203,879
C2308,25,000,State - DAMAN & DIU,Urban,65-69,1883,808,1075,666,112,554,1217,696,521
C2308,25,000,State - DAMAN & DIU,Urban,70-74,1428,566,862,601,90,511,827,476,351
C2308,25,000,State - DAMAN & DIU,Urban,75-79,753,325,428,315,53,262,438,272,166
C2308,25,000,State - DAMAN & DIU,Urban,80+,794,324,470,389,70,319,405,254,151
C2308,25,000,State - DAMAN & DIU,Urban,Age not stated,273,205,68,39,22,17,234,183,51
C2308,26,000,State - DADRA & NAGAR HAVELI,Total,All ages,343709,193760,149949,120479,51239,69240,223230,142521,80709
C2308,26,000,State - DADRA & NAGAR HAVELI,Total,0-6,50895,26431,24464,50895,26431,24464,0,0,0
C2308,26,000,State - DADRA & NAGAR HAVELI,Total,7,7493,3977,3516,1210,626,584,6283,3351,2932
C2308,26,000,State - DADRA & NAGAR HAVELI,Total,8,7482,3905,3577,475,224,251,7007,3681,3326
C2308,26,000,State - DADRA & NAGAR HAVELI,Total,9,6940,3648,3292,324,135,189,6616,3513,3103
C2308,26,000,State - DADRA & NAGAR HAVELI,Total,10,7835,4051,3784,438,193,245,7397,3858,3539
C2308,26,000,State - DADRA & NAGAR HAVELI,Total,11,7397,3895,3502,261,98,163,7136,3797,3339
C2308,26,000,State - DADRA & NAGAR HAVELI,Total,12,6853,3559,3294,301,89,212,6552,3470,3082
C2308,26,000,State - DADRA & NAGAR HAVELI,Total,13,6728,3573,3155,289,84,205,6439,3489,2950
C2308,26,000,State - DADRA & NAGAR HAVELI,Total,14,6190,3307,2883,339,97,242,5851,3210,2641
C2308,26,000,State - DADRA & NAGAR HAVELI,Total,15,6048,3280,2768,460,138,322,5588,3142,2446
C2308,26,000,State - DADRA & NAGAR HAVELI,Total,16,5665,3087,2578,589,168,421,5076,2919,2157
C2308,26,000,State - DADRA & NAGAR HAVELI,Total,17,5682,3386,2296,573,187,386,5109,3199,1910
C2308,26,000,State - DADRA & NAGAR HAVELI,Total,18,8075,5218,2857,1037,377,660,7038,4841,2197
C2308,26,000,State - DADRA & NAGAR HAVELI,Total,19,7634,5008,2626,880,317,563,6754,4691,2063
C2308,26,000,State - DADRA & NAGAR HAVELI,Total,20-24,44301,27595,16706,6695,1993,4702,37606,25602,12004
C2308,26,000,State - DADRA & NAGAR HAVELI,Total,25-29,39885,23496,16389,7825,2481,5344,32060,21015,11045
C2308,26,000,State - DADRA & NAGAR HAVELI,Total,30-34,30641,17957,12684,7286,2431,4855,23355,15526,7829
C2308,26,000,State - DADRA & NAGAR HAVELI,Total,35-39,25277,14862,10415,7608,2711,4897,17669,12151,5518
C2308,26,000,State - DADRA & NAGAR HAVELI,Total,40-44,18181,10554,7627,7343,2750,4593,10838,7804,3034
C2308,26,000,State - DADRA & NAGAR HAVELI,Total,45-49,13789,7671,6118,6634,2552,4082,7155,5119,2036
C2308,26,000,State - DADRA & NAGAR HAVELI,Total,50-54,9503,5215,4288,5125,2065,3060,4378,3150,1228
C2308,26,000,State - DADRA & NAGAR HAVELI,Total,55-59,6951,3526,3425,4119,1550,2569,2832,1976,856
C2308,26,000,State - DADRA & NAGAR HAVELI,Total,60-64,5831,2794,3037,3910,1454,2456,1921,1340,581
C2308,26,000,State - DADRA & NAGAR HAVELI,Total,65-69,3716,1755,1961,2589,984,1605,1127,771,356
C2308,26,000,State - DADRA & NAGAR HAVELI,Total,70-74,2309,973,1336,1766,606,1160,543,367,176
C2308,26,000,State - DADRA & NAGAR HAVELI,Total,75-79,958,394,564,687,233,454,271,161,110
C2308,26,000,State - DADRA & NAGAR HAVELI,Total,80+,1078,443,635,688,215,473,390,228,162
C2308,26,000,State - DADRA & NAGAR HAVELI,Total,Age not stated,372,200,172,133,50,83,239,150,89
C2308,26,000,State - DADRA & NAGAR HAVELI,Rural,All ages,183114,98305,84809,83972,34255,49717,99142,64050,35092
C2308,26,000,State - DADRA & NAGAR HAVELI,Rural,0-6,28504,14467,14037,28504,14467,14037,0,0,0
C2308,26,000,State - DADRA & NAGAR HAVELI,Rural,7,4290,2227,2063,671,330,341,3619,1897,1722
C2308,26,000,State - DADRA & NAGAR HAVELI,Rural,8,4605,2371,2234,286,125,161,4319,2246,2073
C2308,26,000,State - DADRA & NAGAR HAVELI,Rural,9,4242,2139,2103,217,86,131,4025,2053,1972
C2308,26,000,State - DADRA & NAGAR HAVELI,Rural,10,4945,2539,2406,297,122,175,4648,2417,2231
C2308,26,000,State - DADRA & NAGAR HAVELI,Rural,11,4789,2486,2303,187,61,126,4602,2425,2177
C2308,26,000,State - DADRA & NAGAR HAVELI,Rural,12,4381,2226,2155,243,65,178,4138,2161,1977
C2308,26,000,State - DADRA & NAGAR HAVELI,Rural,13,4358,2266,2092,236,58,178,4122,2208,1914
C2308,26,000,State - DADRA & NAGAR HAVELI,Rural,14,3879,2047,1832,268,64,204,3611,1983,1628
C2308,26,000,State - DADRA & NAGAR HAVELI,Rural,15,3786,1993,1793,395,105,290,3391,1888,1503
C2308,26,000,State - DADRA & NAGAR HAVELI,Rural,16,3517,1840,1677,500,120,380,3017,1720,1297
C2308,26,000,State - DADRA & NAGAR HAVELI,Rural,17,3287,1882,1405,484,134,350,2803,1748,1055
C2308,26,000,State - DADRA & NAGAR HAVELI,Rural,18,4404,2609,1795,830,241,589,3574,2368,1206
C2308,26,000,State - DADRA & NAGAR HAVELI,Rural,19,4019,2451,1568,654,181,473,3365,2270,1095
C2308,26,000,State - DADRA & NAGAR HAVELI,Rural,20-24,21932,13066,8866,5330,1388,3942,16602,11678,4924
C2308,26,000,State - DADRA & NAGAR HAVELI,Rural,25-29,17657,10255,7402,6062,1893,4169,11595,8362,3233
C2308,26,000,State - DADRA & NAGAR HAVELI,Rural,30-34,13100,7322,5778,5760,1960,3800,7340,5362,1978
C2308,26,000,State - DADRA & NAGAR HAVELI,Rural,35-39,11438,6209,5229,6193,2225,3968,5245,3984,1261
C2308,26,000,State - DADRA & NAGAR HAVELI,Rural,40-44,9353,4938,4415,6084,2374,3710,3269,2564,705
C2308,26,000,State - DADRA & NAGAR HAVELI,Rural,45-49,7831,4059,3772,5512,2199,3313,2319,1860,459
C2308,26,000,State - DADRA & NAGAR HAVELI,Rural,50-54,5728,3014,2714,4305,1833,2472,1423,1181,242
C2308,26,000,State - DADRA & NAGAR HAVELI,Rural,55-59,4211,2036,2175,3342,1339,2003,869,697,172
C2308,26,000,State - DADRA & NAGAR HAVELI,Rural,60-64,3716,1690,2026,3156,1229,1927,560,461,99
C2308,26,000,State - DADRA & NAGAR HAVELI,Rural,65-69,2361,1067,1294,2028,807,1221,333,260,73
C2308,26,000,State - DADRA & NAGAR HAVELI,Rural,70-74,1485,587,898,1364,481,883,121,106,15
C2308,26,000,State - DADRA & NAGAR HAVELI,Rural,75-79,559,208,351,516,183,333,43,25,18
C2308,26,000,State - DADRA & NAGAR HAVELI,Rural,80+,517,198,319,442,145,297,75,53,22
C2308,26,000,State - DADRA & NAGAR HAVELI,Rural,Age not stated,220,113,107,106,40,66,114,73,41
C2308,26,000,State - DADRA & NAGAR HAVELI,Urban,All ages,160595,95455,65140,36507,16984,19523,124088,78471,45617
C2308,26,000,State - DADRA & NAGAR HAVELI,Urban,0-6,22391,11964,10427,22391,11964,10427,0,0,0
C2308,26,000,State - DADRA & NAGAR HAVELI,Urban,7,3203,1750,1453,539,296,243,2664,1454,1210
C2308,26,000,State - DADRA & NAGAR HAVELI,Urban,8,2877,1534,1343,189,99,90,2688,1435,1253
C2308,26,000,State - DADRA & NAGAR HAVELI,Urban,9,2698,1509,1189,107,49,58,2591,1460,1131
C2308,26,000,State - DADRA & NAGAR HAVELI,Urban,10,2890,1512,1378,141,71,70,2749,1441,1308
C2308,26,000,State - DADRA & NAGAR HAVELI,Urban,11,2608,1409,1199,74,37,37,2534,1372,1162
C2308,26,000,State - DADRA & NAGAR HAVELI,Urban,12,2472,1333,1139,58,24,34,2414,1309,1105
C2308,26,000,State - DADRA & NAGAR HAVELI,Urban,13,2370,1307,1063,53,26,27,2317,1281,1036
C2308,26,000,State - DADRA & NAGAR HAVELI,Urban,14,2311,1260,1051,71,33,38,2240,1227,1013
C2308,26,000,State - DADRA & NAGAR HAVELI,Urban,15,2262,1287,975,65,33,32,2197,1254,943
C2308,26,000,State - DADRA & NAGAR HAVELI,Urban,16,2148,1247,901,89,48,41,2059,1199,860
C2308,26,000,State - DADRA & NAGAR HAVELI,Urban,17,2395,1504,891,89,53,36,2306,1451,855
C2308,26,000,State - DADRA & NAGAR HAVELI,Urban,18,3671,2609,1062,207,136,71,3464,2473,991
C2308,26,000,State - DADRA & NAGAR HAVELI,Urban,19,3615,2557,1058,226,136,90,3389,2421,968
C2308,26,000,State - DADRA & NAGAR HAVELI,Urban,20-24,22369,14529,7840,1365,605,760,21004,13924,7080
C2308,26,000,State - DADRA & NAGAR HAVELI,Urban,25-29,22228,13241,8987,1763,588,1175,20465,12653,7812
C2308,26,000,State - DADRA & NAGAR HAVELI,Urban,30-34,17541,10635,6906,1526,471,1055,16015,10164,5851
C2308,26,000,State - DADRA & NAGAR HAVELI,Urban,35-39,13839,8653,5186,1415,486,929,12424,8167,4257
C2308,26,000,State - DADRA & NAGAR HAVELI,Urban,40-44,8828,5616,3212,1259,376,883,7569,5240,2329
C2308,26,000,State - DADRA & NAGAR HAVELI,Urban,45-49,5958,3612,2346,1122,353,769,4836,3259,1577
C2308,26,000,State - DADRA & NAGAR HAVELI,Urban,50-54,3775,2201,1574,820,232,588,2955,1969,986
C2308,26,000,State - DADRA & NAGAR HAVELI,Urban,55-59,2740,1490,1250,777,211,566,1963,1279,684
C2308,26,000,State - DADRA & NAGAR HAVELI,Urban,60-64,2115,1104,1011,754,225,529,1361,879,482
C2308,26,000,State - DADRA & NAGAR HAVELI,Urban,65-69,1355,688,667,561,177,384,794,511,283
C2308,26,000,State - DADRA & NAGAR HAVELI,Urban,70-74,824,386,438,402,125,277,422,261,161
C2308,26,000,State - DADRA & NAGAR HAVELI,Urban,75-79,399,186,213,171,50,121,228,136,92
C2308,26,000,State - DADRA & NAGAR HAVELI,Urban,80+,561,245,316,246,70,176,315,175,140
C2308,26,000,State - DADRA & NAGAR HAVELI,Urban,Age not stated,152,87,65,27,10,17,125,77,48
C2308,27,000,State - MAHARASHTRA,Total,All ages,112374333,58243056,54131277,30820043,12985472,17834571,81554290,45257584,36296706
C2308,27,000,State - MAHARASHTRA,Total,0-6,13326517,7035391,6291126,13326517,7035391,6291126,0,0,0
C2308,27,000,State - MAHARASHTRA,Total,7,1961711,1027436,934275,437488,226295,211193,1524223,801141,723082
C2308,27,000,State - MAHARASHTRA,Total,8,1935680,1019451,916229,165320,83777,81543,1770360,935674,834686
C2308,27,000,State - MAHARASHTRA,Total,9,1958772,1035528,923244,109810,55308,54502,1848962,980220,868742
C2308,27,000,State - MAHARASHTRA,Total,10,2317339,1227446,1089893,143889,71860,72029,2173450,1155586,1017864
C2308,27,000,State - MAHARASHTRA,Total,11,2163710,1141531,1022179,89624,43763,45861,2074086,1097768,976318
C2308,27,000,State - MAHARASHTRA,Total,12,2101229,1111511,989718,86469,40994,45475,2014760,1070517,944243
C2308,27,000,State - MAHARASHTRA,Total,13,2072737,1086667,986070,75304,35442,39862,1997433,1051225,946208
C2308,27,000,State - MAHARASHTRA,Total,14,2079520,1095106,984414,81850,38581,43269,1997670,1056525,941145
C2308,27,000,State - MAHARASHTRA,Total,15,2118780,1128043,990737,102225,48409,53816,2016555,1079634,936921
C2308,27,000,State - MAHARASHTRA,Total,16,2088367,1117920,970447,96738,46324,50414,1991629,1071596,920033
C2308,27,000,State - MAHARASHTRA,Total,17,1987095,1073589,913506,89866,43627,46239,1897229,1029962,867267
C2308,27,000,State - MAHARASHTRA,Total,18,2377052,1296423,1080629,140496,64703,75793,2236556,1231720,1004836
C2308,27,000,State - MAHARASHTRA,Total,19,2055973,1094425,961548,114080,48272,65808,1941893,1046153,895740
C2308,27,000,State - MAHARASHTRA,Total,20-24,11090966,5845114,5245852,832751,325290,507461,10258215,5519824,4738391
C2308,27,000,State - MAHARASHTRA,Total,25-29,10147113,5272560,4874553,1041110,378439,662671,9106003,4894121,4211882
C2308,27,000,State - MAHARASHTRA,Total,30-34,8796307,4536297,4260010,1226479,412295,814184,7569828,4124002,3445826
C2308,27,000,State - MAHARASHTRA,Total,35-39,8247160,4209434,4037726,1516492,484336,1032156,6730668,3725098,3005570
C2308,27,000,State - MAHARASHTRA,Total,40-44,7196089,3744825,3451264,1650280,546469,1103811,5545809,3198356,2347453
C2308,27,000,State - MAHARASHTRA,Total,45-49,6032454,3116218,2916236,1590074,519125,1070949,4442380,2597093,1845287
C2308,27,000,State - MAHARASHTRA,Total,50-54,4919317,2580991,2338326,1408275,463089,945186,3511042,2117902,1393140
C2308,27,000,State - MAHARASHTRA,Total,55-59,3885814,1974129,1911685,1213318,356862,856456,2672496,1617267,1055229
C2308,27,000,State - MAHARASHTRA,Total,60-64,3642480,1716639,1925841,1477206,411890,1065316,2165274,1304749,860525
C2308,27,000,State - MAHARASHTRA,Total,65-69,3078352,1440238,1638114,1439629,421180,1018449,1638723,1019058,619665
C2308,27,000,State - MAHARASHTRA,Total,70-74,2143136,1039292,1103844,1108400,366066,742334,1034736,673226,361510
C2308,27,000,State - MAHARASHTRA,Total,75-79,1062773,515431,547342,529589,172468,357121,533184,342963,190221
C2308,27,000,State - MAHARASHTRA,Total,80+,1180194,542109,638085,625458,202159,423299,554736,339950,214786
C2308,27,000,State - MAHARASHTRA,Total,Age not stated,407696,219312,188384,101306,43058,58248,306390,176254,130136
C2308,27,000,State - MAHARASHTRA,Rural,All ages,61556074,31539034,30017040,20073313,8147559,11925754,41482761,23391475,18091286
C2308,27,000,State - MAHARASHTRA,Rural,0-6,7688954,4067399,3621555,7688954,4067399,3621555,0,0,0
C2308,27,000,State - MAHARASHTRA,Rural,7,1104823,576762,528061,268032,137582,130450,836791,439180,397611
C2308,27,000,State - MAHARASHTRA,Rural,8,1123298,589439,533859,100286,49882,50404,1023012,539557,483455
C2308,27,000,State - MAHARASHTRA,Rural,9,1151347,606638,544709,65020,31882,33138,1086327,574756,511571
C2308,27,000,State - MAHARASHTRA,Rural,10,1348170,711318,636852,85294,41513,43781,1262876,669805,593071
C2308,27,000,State - MAHARASHTRA,Rural,11,1263201,664482,598719,53807,25331,28476,1209394,639151,570243
C2308,27,000,State - MAHARASHTRA,Rural,12,1223544,644103,579441,54454,24515,29939,1169090,619588,549502
C2308,27,000,State - MAHARASHTRA,Rural,13,1209316,631466,577850,47373,21261,26112,1161943,610205,551738
C2308,27,000,State - MAHARASHTRA,Rural,14,1211826,636787,575039,52363,23480,28883,1159463,613307,546156
C2308,27,000,State - MAHARASHTRA,Rural,15,1231204,654820,576384,66178,29825,36353,1165026,624995,540031
C2308,27,000,State - MAHARASHTRA,Rural,16,1215567,652477,563090,62346,28234,34112,1153221,624243,528978
C2308,27,000,State - MAHARASHTRA,Rural,17,1115869,605491,510378,55126,24898,30228,1060743,580593,480150
C2308,27,000,State - MAHARASHTRA,Rural,18,1318542,717166,601376,86872,35731,51141,1231670,681435,550235
C2308,27,000,State - MAHARASHTRA,Rural,19,1098483,579270,519213,68714,25018,43696,1029769,554252,475517
C2308,27,000,State - MAHARASHTRA,Rural,20-24,5764844,3018199,2746645,512910,177013,335897,5251934,2841186,2410748
C2308,27,000,State - MAHARASHTRA,Rural,25-29,5025278,2589352,2435926,652533,217021,435512,4372745,2372331,2000414
C2308,27,000,State - MAHARASHTRA,Rural,30-34,4395201,2218757,2176444,811318,252200,559118,3583883,1966557,1617326
C2308,27,000,State - MAHARASHTRA,Rural,35-39,4223357,2111275,2112082,1037537,313174,724363,3185820,1798101,1387719
C2308,27,000,State - MAHARASHTRA,Rural,40-44,3763589,1924940,1838649,1166113,373522,792591,2597476,1551418,1046058
C2308,27,000,State - MAHARASHTRA,Rural,45-49,3167108,1607153,1559955,1135333,365436,769897,2031775,1241717,790058
C2308,27,000,State - MAHARASHTRA,Rural,50-54,2619829,1344947,1274882,1019544,331835,687709,1600285,1013112,587173
C2308,27,000,State - MAHARASHTRA,Rural,55-59,2117255,1038978,1078277,904083,262981,641102,1213172,775997,437175
C2308,27,000,State - MAHARASHTRA,Rural,60-64,2155343,970755,1184588,1121319,312454,808865,1034024,658301,375723
C2308,27,000,State - MAHARASHTRA,Rural,65-69,2008912,920144,1088768,1142757,343614,799143,866155,576530,289625
C2308,27,000,State - MAHARASHTRA,Rural,70-74,1411217,684770,726447,872892,302185,570707,538325,382585,155740
C2308,27,000,State - MAHARASHTRA,Rural,75-79,664727,324175,340552,412449,142340,270109,252278,181835,70443
C2308,27,000,State - MAHARASHTRA,Rural,80+,729341,339248,390093,467706,161726,305980,261635,177522,84113
C2308,27,000,State - MAHARASHTRA,Rural,Age not stated,205929,108723,97206,62000,25507,36493,143929,83216,60713
C2308,27,000,State - MAHARASHTRA,Urban,All ages,50818259,26704022,24114237,10746730,4837913,5908817,40071529,21866109,18205420
C2308,27,000,State - MAHARASHTRA,Urban,0-6,5637563,2967992,2669571,5637563,2967992,2669571,0,0,0
C2308,27,000,State - MAHARASHTRA,Urban,7,856888,450674,406214,169456,88713,80743,687432,361961,325471
C2308,27,000,State - MAHARASHTRA,Urban,8,812382,430012,382370,65034,33895,31139,747348,396117,351231
C2308,27,000,State - MAHARASHTRA,Urban,9,807425,428890,378535,44790,23426,21364,762635,405464,357171
C2308,27,000,State - MAHARASHTRA,Urban,10,969169,516128,453041,58595,30347,28248,910574,485781,424793
C2308,27,000,State - MAHARASHTRA,Urban,11,900509,477049,423460,35817,18432,17385,864692,458617,406075
C2308,27,000,State - MAHARASHTRA,Urban,12,877685,467408,410277,32015,16479,15536,845670,450929,394741
C2308,27,000,State - MAHARASHTRA,Urban,13,863421,455201,408220,27931,14181,13750,835490,441020,394470
C2308,27,000,State - MAHARASHTRA,Urban,14,867694,458319,409375,29487,15101,14386,838207,443218,394989
C2308,27,000,State - MAHARASHTRA,Urban,15,887576,473223,414353,36047,18584,17463,851529,454639,396890
C2308,27,000,State - MAHARASHTRA,Urban,16,872800,465443,407357,34392,18090,16302,838408,447353,391055
C2308,27,000,State - MAHARASHTRA,Urban,17,871226,468098,403128,34740,18729,16011,836486,449369,387117
C2308,27,000,State - MAHARASHTRA,Urban,18,1058510,579257,479253,53624,28972,24652,1004886,550285,454601
C2308,27,000,State - MAHARASHTRA,Urban,19,957490,515155,442335,45366,23254,22112,912124,491901,420223
C2308,27,000,State - MAHARASHTRA,Urban,20-24,5326122,2826915,2499207,319841,148277,171564,5006281,2678638,2327643
C2308,27,000,State - MAHARASHTRA,Urban,25-29,5121835,2683208,2438627,388577,161418,227159,4733258,2521790,2211468
C2308,27,000,State - MAHARASHTRA,Urban,30-34,4401106,2317540,2083566,415161,160095,255066,3985945,2157445,1828500
C2308,27,000,State - MAHARASHTRA,Urban,35-39,4023803,2098159,1925644,478955,171162,307793,3544848,1926997,1617851
C2308,27,000,State - MAHARASHTRA,Urban,40-44,3432500,1819885,1612615,484167,172947,311220,2948333,1646938,1301395
C2308,27,000,State - MAHARASHTRA,Urban,45-49,2865346,1509065,1356281,454741,153689,301052,2410605,1355376,1055229
C2308,27,000,State - MAHARASHTRA,Urban,50-54,2299488,1236044,1063444,388731,131254,257477,1910757,1104790,805967
C2308,27,000,State - MAHARASHTRA,Urban,55-59,1768559,935151,833408,309235,93881,215354,1459324,841270,618054
C2308,27,000,State - MAHARASHTRA,Urban,60-64,1487137,745884,741253,355887,99436,256451,1131250,646448,484802
C2308,27,000,State - MAHARASHTRA,Urban,65-69,1069440,520094,549346,296872,77566,219306,772568,442528,330040
C2308,27,000,State - MAHARASHTRA,Urban,70-74,731919,354522,377397,235508,63881,171627,496411,290641,205770
C2308,27,000,State - MAHARASHTRA,Urban,75-79,398046,191256,206790,117140,30128,87012,280906,161128,119778
C2308,27,000,State - MAHARASHTRA,Urban,80+,450853,202861,247992,157752,40433,117319,293101,162428,130673
C2308,27,000,State - MAHARASHTRA,Urban,Age not stated,201767,110589,91178,39306,17551,21755,162461,93038,69423
C2308,28,000,State - ANDHRA PRADESH,Total,All ages,84580777,42442146,42138631,34024017,14190903,19833114,50556760,28251243,22305517
C2308,28,000,State - ANDHRA PRADESH,Total,0-6,9142802,4714950,4427852,9142802,4714950,4427852,0,0,0
C2308,28,000,State - ANDHRA PRADESH,Total,7,1483948,764908,719040,401350,206328,195022,1082598,558580,524018
C2308,28,000,State - ANDHRA PRADESH,Total,8,1496883,766274,730609,186206,93512,92694,1310677,672762,637915
C2308,28,000,State - ANDHRA PRADESH,Total,9,1465564,750153,715411,113899,55710,58189,1351665,694443,657222
C2308,28,000,State - ANDHRA PRADESH,Total,10,1767388,913080,854308,126128,60237,65891,1641260,852843,788417
C2308,28,000,State - ANDHRA PRADESH,Total,11,1559410,795307,764103,80315,36151,44164,1479095,759156,719939
C2308,28,000,State - ANDHRA PRADESH,Total,12,1676007,859629,816378,93588,40506,53082,1582419,819123,763296
C2308,28,000,State - ANDHRA PRADESH,Total,13,1585749,809422,776327,80133,33600,46533,1505616,775822,729794
C2308,28,000,State - ANDHRA PRADESH,Total,14,1613041,831446,781595,93398,39930,53468,1519643,791516,728127
C2308,28,000,State - ANDHRA PRADESH,Total,15,1652368,861559,790809,122343,54572,67771,1530025,806987,723038
C2308,28,000,State - ANDHRA PRADESH,Total,16,1576131,824000,752131,116404,51327,65077,1459727,772673,687054
C2308,28,000,State - ANDHRA PRADESH,Total,17,1466112,780993,685119,107410,47358,60052,1358702,733635,625067
C2308,28,000,State - ANDHRA PRADESH,Total,18,1877103,960859,916244,208441,79721,128720,1668662,881138,787524
C2308,28,000,State - ANDHRA PRADESH,Total,19,1522033,768896,753137,167408,58964,108444,1354625,709932,644693
C2308,28,000,State - ANDHRA PRADESH,Total,20-24,8132094,4055697,4076397,1383362,469916,913446,6748732,3585781,3162951
C2308,28,000,State - ANDHRA PRADESH,Total,25-29,7799036,3809887,3989149,2062915,705422,1357493,5736121,3104465,2631656
C2308,28,000,State - ANDHRA PRADESH,Total,30-34,6584371,3300407,3283964,2203906,796200,1407706,4380465,2504207,1876258
C2308,28,000,State - ANDHRA PRADESH,Total,35-39,6507339,3198512,3308827,2683079,952658,1730421,3824260,2245854,1578406
C2308,28,000,State - ANDHRA PRADESH,Total,40-44,5399473,2794398,2605075,2578831,1035571,1543260,2820642,1758827,1061815
C2308,28,000,State - ANDHRA PRADESH,Total,45-49,4657269,2374633,2282636,2449814,989001,1460813,2207455,1385632,821823
C2308,28,000,State - ANDHRA PRADESH,Total,50-54,3657386,1862583,1794803,2056441,837562,1218879,1600945,1025021,575924
C2308,28,000,State - ANDHRA PRADESH,Total,55-59,2909598,1350539,1559059,1697385,586927,1110458,1212213,763612,448601
C2308,28,000,State - ANDHRA PRADESH,Total,60-64,3199837,1485764,1714073,2122724,785239,1337485,1077113,700525,376588
C2308,28,000,State - ANDHRA PRADESH,Total,65-69,2167854,1034360,1133494,1469638,567087,902551,698216,467273,230943
C2308,28,000,State - ANDHRA PRADESH,Total,70-74,1519358,752743,766615,1079462,446793,632669,439896,305950,133946
C2308,28,000,State - ANDHRA PRADESH,Total,75-79,636989,307474,329515,428684,166369,262315,208305,141105,67200
C2308,28,000,State - ANDHRA PRADESH,Total,80+,754203,325987,428216,516327,178988,337339,237876,146999,90877
C2308,28,000,State - ANDHRA PRADESH,Total,Age not stated,771431,387686,383745,251624,100304,151320,519807,287382,232425
C2308,28,000,State - ANDHRA PRADESH,Rural,All ages,56361702,28243241,28118461,26010637,10847641,15162996,30351065,17395600,12955465
C2308,28,000,State - ANDHRA PRADESH,Rural,0-6,6152022,3169288,2982734,6152022,3169288,2982734,0,0,0
C2308,28,000,State - ANDHRA PRADESH,Rural,7,1008383,519134,489249,294909,151721,143188,713474,367413,346061
C2308,28,000,State - ANDHRA PRADESH,Rural,8,1031850,527460,504390,135726,68165,67561,896124,459295,436829
C2308,28,000,State - ANDHRA PRADESH,Rural,9,996772,508816,487956,79850,38779,41071,916922,470037,446885
C2308,28,000,State - ANDHRA PRADESH,Rural,10,1198576,618712,579864,88869,41731,47138,1109707,576981,532726
C2308,28,000,State - ANDHRA PRADESH,Rural,11,1042395,531833,510562,54956,24122,30834,987439,507711,479728
C2308,28,000,State - ANDHRA PRADESH,Rural,12,1149916,591236,558680,69393,29038,40355,1080523,562198,518325
C2308,28,000,State - ANDHRA PRADESH,Rural,13,1079830,552120,527710,58735,23781,34954,1021095,528339,492756
C2308,28,000,State - ANDHRA PRADESH,Rural,14,1094685,565959,528726,69540,28690,40850,1025145,537269,487876
C2308,28,000,State - ANDHRA PRADESH,Rural,15,1104994,578647,526347,92842,40462,52380,1012152,538185,473967
C2308,28,000,State - ANDHRA PRADESH,Rural,16,1031865,544177,487688,88009,38012,49997,943856,506165,437691
C2308,28,000,State - ANDHRA PRADESH,Rural,17,942837,510581,432256,78789,33879,44910,864048,476702,387346
C2308,28,000,State - ANDHRA PRADESH,Rural,18,1270200,659517,610683,163251,60905,102346,1106949,598612,508337
C2308,28,000,State - ANDHRA PRADESH,Rural,19,984173,507071,477102,126471,43234,83237,857702,463837,393865
C2308,28,000,State - ANDHRA PRADESH,Rural,20-24,5263277,2682670,2580607,1075901,358687,717214,4187376,2323983,1863393
C2308,28,000,State - ANDHRA PRADESH,Rural,25-29,4995581,2453142,2542439,1632973,554438,1078535,3362608,1898704,1463904
C2308,28,000,State - ANDHRA PRADESH,Rural,30-34,4233619,2106915,2126704,1766130,638635,1127495,2467489,1468280,999209
C2308,28,000,State - ANDHRA PRADESH,Rural,35-39,4246358,2064444,2181914,2137868,766610,1371258,2108490,1297834,810656
C2308,28,000,State - ANDHRA PRADESH,Rural,40-44,3540901,1819821,1721080,2061415,843896,1217519,1479486,975925,503561
C2308,28,000,State - ANDHRA PRADESH,Rural,45-49,3067300,1549594,1517706,1948160,806340,1141820,1119140,743254,375886
C2308,28,000,State - ANDHRA PRADESH,Rural,50-54,2441460,1229218,1212242,1646077,689029,957048,795383,540189,255194
C2308,28,000,State - ANDHRA PRADESH,Rural,55-59,1975179,878394,1096785,1375181,484694,890487,599998,393700,206298
C2308,28,000,State - ANDHRA PRADESH,Rural,60-64,2342553,1066864,1275689,1762588,672262,1090326,579965,394602,185363
C2308,28,000,State - ANDHRA PRADESH,Rural,65-69,1624701,774178,850523,1230154,493352,736802,394547,280826,113721
C2308,28,000,State - ANDHRA PRADESH,Rural,70-74,1148018,573247,574771,900757,389482,511275,247261,183765,63496
C2308,28,000,State - ANDHRA PRADESH,Rural,75-79,460041,224296,235745,349146,143226,205920,110895,81070,29825
C2308,28,000,State - ANDHRA PRADESH,Rural,80+,532778,234293,298485,409790,151159,258631,122988,83134,39854
C2308,28,000,State - ANDHRA PRADESH,Rural,Age not stated,401438,201614,199824,161135,64024,97111,240303,137590,102713
C2308,28,000,State - ANDHRA PRADESH,Urban,All ages,28219075,14198905,14020170,8013380,3343262,4670118,20205695,10855643,9350052
C2308,28,000,State - ANDHRA PRADESH,Urban,0-6,2990780,1545662,1445118,2990780,1545662,1445118,0,0,0
C2308,28,000,State - ANDHRA PRADESH,Urban,7,475565,245774,229791,106441,54607,51834,369124,191167,177957
C2308,28,000,State - ANDHRA PRADESH,Urban,8,465033,238814,226219,50480,25347,25133,414553,213467,201086
C2308,28,000,State - ANDHRA PRADESH,Urban,9,468792,241337,227455,34049,16931,17118,434743,224406,210337
C2308,28,000,State - ANDHRA PRADESH,Urban,10,568812,294368,274444,37259,18506,18753,531553,275862,255691
C2308,28,000,State - ANDHRA PRADESH,Urban,11,517015,263474,253541,25359,12029,13330,491656,251445,240211
C2308,28,000,State - ANDHRA PRADESH,Urban,12,526091,268393,257698,24195,11468,12727,501896,256925,244971
C2308,28,000,State - ANDHRA PRADESH,Urban,13,505919,257302,248617,21398,9819,11579,484521,247483,237038
C2308,28,000,State - ANDHRA PRADESH,Urban,14,518356,265487,252869,23858,11240,12618,494498,254247,240251
C2308,28,000,State - ANDHRA PRADESH,Urban,15,547374,282912,264462,29501,14110,15391,517873,268802,249071
C2308,28,000,State - ANDHRA PRADESH,Urban,16,544266,279823,264443,28395,13315,15080,515871,266508,249363
C2308,28,000,State - ANDHRA PRADESH,Urban,17,523275,270412,252863,28621,13479,15142,494654,256933,237721
C2308,28,000,State - ANDHRA PRADESH,Urban,18,606903,301342,305561,45190,18816,26374,561713,282526,279187
C2308,28,000,State - ANDHRA PRADESH,Urban,19,537860,261825,276035,40937,15730,25207,496923,246095,250828
C2308,28,000,State - ANDHRA PRADESH,Urban,20-24,2868817,1373027,1495790,307461,111229,196232,2561356,1261798,1299558
C2308,28,000,State - ANDHRA PRADESH,Urban,25-29,2803455,1356745,1446710,429942,150984,278958,2373513,1205761,1167752
C2308,28,000,State - ANDHRA PRADESH,Urban,30-34,2350752,1193492,1157260,437776,157565,280211,1912976,1035927,877049
C2308,28,000,State - ANDHRA PRADESH,Urban,35-39,2260981,1134068,1126913,545211,186048,359163,1715770,948020,767750
C2308,28,000,State - ANDHRA PRADESH,Urban,40-44,1858572,974577,883995,517416,191675,325741,1341156,782902,558254
C2308,28,000,State - ANDHRA PRADESH,Urban,45-49,1589969,825039,764930,501654,182661,318993,1088315,642378,445937
C2308,28,000,State - ANDHRA PRADESH,Urban,50-54,1215926,633365,582561,410364,148533,261831,805562,484832,320730
C2308,28,000,State - ANDHRA PRADESH,Urban,55-59,934419,472145,462274,322204,102233,219971,612215,369912,242303
C2308,28,000,State - ANDHRA PRADESH,Urban,60-64,857284,418900,438384,360136,112977,247159,497148,305923,191225
C2308,28,000,State - ANDHRA PRADESH,Urban,65-69,543153,260182,282971,239484,73735,165749,303669,186447,117222
C2308,28,000,State - ANDHRA PRADESH,Urban,70-74,371340,179496,191844,178705,57311,121394,192635,122185,70450
C2308,28,000,State - ANDHRA PRADESH,Urban,75-79,176948,83178,93770,79538,23143,56395,97410,60035,37375
C2308,28,000,State - ANDHRA PRADESH,Urban,80+,221425,91694,129731,106537,27829,78708,114888,63865,51023
C2308,28,000,State - ANDHRA PRADESH,Urban,Age not stated,369993,186072,183921,90489,36280,54209,279504,149792,129712
C2308,29,000,State - KARNATAKA,Total,All ages,61095297,30966657,30128640,20447975,8458186,11989789,40647322,22508471,18138851
C2308,29,000,State - KARNATAKA,Total,0-6,7161033,3675291,3485742,7161033,3675291,3485742,0,0,0
C2308,29,000,State - KARNATAKA,Total,7,1019047,523831,495216,212233,107367,104866,806814,416464,390350
C2308,29,000,State - KARNATAKA,Total,8,1055117,540621,514496,79680,38026,41654,975437,502595,472842
C2308,29,000,State - KARNATAKA,Total,9,1053031,538951,514080,52477,24271,28206,1000554,514680,485874
C2308,29,000,State - KARNATAKA,Total,10,1224051,629780,594271,72242,33478,38764,1151809,596302,555507
C2308,29,000,State - KARNATAKA,Total,11,1125702,575938,549764,44375,19492,24883,1081327,556446,524881
C2308,29,000,State - KARNATAKA,Total,12,1159844,596025,563819,52708,22062,30646,1107136,573963,533173
C2308,29,000,State - KARNATAKA,Total,13,1091404,562002,529402,43463,17818,25645,1047941,544184,503757
C2308,29,000,State - KARNATAKA,Total,14,1135645,591542,544103,54341,23306,31035,1081304,568236,513068
C2308,29,000,State - KARNATAKA,Total,15,1145252,602212,543040,66945,29567,37378,1078307,572645,505662
C2308,29,000,State - KARNATAKA,Total,16,1129795,592938,536857,69249,31111,38138,1060546,561827,498719
C2308,29,000,State - KARNATAKA,Total,17,1048278,551764,496514,60130,26868,33262,988148,524896,463252
C2308,29,000,State - KARNATAKA,Total,18,1381362,724617,656745,121789,51330,70459,1259573,673287,586286
C2308,29,000,State - KARNATAKA,Total,19,1122590,570517,552073,91741,33978,57763,1030849,536539,494310
C2308,29,000,State - KARNATAKA,Total,20-24,6052558,3109586,2942972,684094,250002,434092,5368464,2859584,2508880
C2308,29,000,State - KARNATAKA,Total,25-29,5771606,2879254,2892352,980889,336956,643933,4790717,2542298,2248419
C2308,29,000,State - KARNATAKA,Total,30-34,4698380,2389594,2308786,1046865,364751,682114,3651515,2024843,1626672
C2308,29,000,State - KARNATAKA,Total,35-39,4695451,2319088,2376363,1408657,472659,935998,3286794,1846429,1440365
C2308,29,000,State - KARNATAKA,Total,40-44,3826712,1977768,1848944,1356826,504523,852303,2469886,1473245,996641
C2308,29,000,State - KARNATAKA,Total,45-49,3519782,1804833,1714949,1404354,526686,877668,2115428,1278147,837281
C2308,29,000,State - KARNATAKA,Total,50-54,2699270,1381969,1317301,1158471,432732,725739,1540799,949237,591562
C2308,29,000,State - KARNATAKA,Total,55-59,2142504,1056054,1086450,946402,316568,629834,1196102,739486,456616
C2308,29,000,State - KARNATAKA,Total,60-64,2060052,994630,1065422,1087571,374379,713192,972481,620251,352230
C2308,29,000,State - KARNATAKA,Total,65-69,1520119,723687,796432,850686,290619,560067,669433,433068,236365
C2308,29,000,State - KARNATAKA,Total,70-74,1061125,510419,550706,638583,226915,411668,422542,283504,139038
C2308,29,000,State - KARNATAKA,Total,75-79,524426,249834,274592,301493,102582,198911,222933,147252,75681
C2308,29,000,State - KARNATAKA,Total,80+,625310,268502,356808,388053,119458,268595,237257,149044,88213
C2308,29,000,State - KARNATAKA,Total,Age not stated,45851,25410,20441,12625,5391,7234,33226,20019,13207
C2308,29,000,State - KARNATAKA,Rural,All ages,37469335,18929354,18539981,14820159,6035917,8784242,22649176,12893437,9755739
C2308,29,000,State - KARNATAKA,Rural,0-6,4517645,2317069,2200576,4517645,2317069,2200576,0,0,0
C2308,29,000,State - KARNATAKA,Rural,7,631368,324548,306820,143896,72224,71672,487472,252324,235148
C2308,29,000,State - KARNATAKA,Rural,8,667973,341778,326195,54434,25598,28836,613539,316180,297359
C2308,29,000,State - KARNATAKA,Rural,9,672128,343118,329010,35310,15988,19322,636818,327130,309688
C2308,29,000,State - KARNATAKA,Rural,10,776384,398223,378161,48534,21876,26658,727850,376347,351503
C2308,29,000,State - KARNATAKA,Rural,11,710668,363973,346695,30211,12840,17371,680457,351133,329324
C2308,29,000,State - KARNATAKA,Rural,12,744498,382923,361575,38839,15613,23226,705659,367310,338349
C2308,29,000,State - KARNATAKA,Rural,13,696674,359889,336785,31743,12492,19251,664931,347397,317534
C2308,29,000,State - KARNATAKA,Rural,14,734251,384717,349534,40739,16869,23870,693512,367848,325664
C2308,29,000,State - KARNATAKA,Rural,15,741382,392971,348411,50436,21731,28705,690946,371240,319706
C2308,29,000,State - KARNATAKA,Rural,16,724778,384180,340598,52794,22927,29867,671984,361253,310731
C2308,29,000,State - KARNATAKA,Rural,17,646553,346121,300432,43876,19137,24739,602677,326984,275693
C2308,29,000,State - KARNATAKA,Rural,18,876891,467781,409110,92584,37924,54660,784307,429857,354450
C2308,29,000,State - KARNATAKA,Rural,19,668660,342756,325904,67231,23802,43429,601429,318954,282475
C2308,29,000,State - KARNATAKA,Rural,20-24,3549425,1849584,1699841,507006,178697,328309,3042419,1670887,1371532
C2308,29,000,State - KARNATAKA,Rural,25-29,3283508,1645487,1638021,735970,245321,490649,2547538,1400166,1147372
C2308,29,000,State - KARNATAKA,Rural,30-34,2657749,1332397,1325352,800340,271978,528362,1857409,1060419,796990
C2308,29,000,State - KARNATAKA,Rural,35-39,2770958,1337639,1433319,1084713,358635,726078,1686245,979004,707241
C2308,29,000,State - KARNATAKA,Rural,40-44,2320355,1183334,1137021,1064966,396071,668895,1255389,787263,468126
C2308,29,000,State - KARNATAKA,Rural,45-49,2165676,1103911,1061765,1098022,417904,680118,1067654,686007,381647
C2308,29,000,State - KARNATAKA,Rural,50-54,1665456,844160,821296,912757,347473,565284,752699,496687,256012
C2308,29,000,State - KARNATAKA,Rural,55-59,1323457,636709,686748,748057,255565,492492,575400,381144,194256
C2308,29,000,State - KARNATAKA,Rural,60-64,1352255,642294,709961,866982,307770,559212,485273,334524,150749
C2308,29,000,State - KARNATAKA,Rural,65-69,1039482,491844,547638,685139,242489,442650,354343,249355,104988
C2308,29,000,State - KARNATAKA,Rural,70-74,736309,352315,383994,516298,190540,325758,220011,161775,58236
C2308,29,000,State - KARNATAKA,Rural,75-79,350060,166285,183775,239516,85342,154174,110544,80943,29601
C2308,29,000,State - KARNATAKA,Rural,80+,418963,179395,239568,303736,98535,205201,115227,80860,34367
C2308,29,000,State - KARNATAKA,Rural,Age not stated,25829,13953,11876,8385,3507,4878,17444,10446,6998
C2308,29,000,State - KARNATAKA,Urban,All ages,23625962,12037303,11588659,5627816,2422269,3205547,17998146,9615034,8383112
C2308,29,000,State - KARNATAKA,Urban,0-6,2643388,1358222,1285166,2643388,1358222,1285166,0,0,0
C2308,29,000,State - KARNATAKA,Urban,7,387679,199283,188396,68337,35143,33194,319342,164140,155202
C2308,29,000,State - KARNATAKA,Urban,8,387144,198843,188301,25246,12428,12818,361898,186415,175483
C2308,29,000,State - KARNATAKA,Urban,9,380903,195833,185070,17167,8283,8884,363736,187550,176186
C2308,29,000,State - KARNATAKA,Urban,10,447667,231557,216110,23708,11602,12106,423959,219955,204004
C2308,29,000,State - KARNATAKA,Urban,11,415034,211965,203069,14164,6652,7512,400870,205313,195557
C2308,29,000,State - KARNATAKA,Urban,12,415346,213102,202244,13869,6449,7420,401477,206653,194824
C2308,29,000,State - KARNATAKA,Urban,13,394730,202113,192617,11720,5326,6394,383010,196787,186223
C2308,29,000,State - KARNATAKA,Urban,14,401394,206825,194569,13602,6437,7165,387792,200388,187404
C2308,29,000,State - KARNATAKA,Urban,15,403870,209241,194629,16509,7836,8673,387361,201405,185956
C2308,29,000,State - KARNATAKA,Urban,16,405017,208758,196259,16455,8184,8271,388562,200574,187988
C2308,29,000,State - KARNATAKA,Urban,17,401725,205643,196082,16254,7731,8523,385471,197912,187559
C2308,29,000,State - KARNATAKA,Urban,18,504471,256836,247635,29205,13406,15799,475266,243430,231836
C2308,29,000,State - KARNATAKA,Urban,19,453930,227761,226169,24510,10176,14334,429420,217585,211835
C2308,29,000,State - KARNATAKA,Urban,20-24,2503133,1260002,1243131,177088,71305,105783,2326045,1188697,1137348
C2308,29,000,State - KARNATAKA,Urban,25-29,2488098,1233767,1254331,244919,91635,153284,2243179,1142132,1101047
C2308,29,000,State - KARNATAKA,Urban,30-34,2040631,1057197,983434,246525,92773,153752,1794106,964424,829682
C2308,29,000,State - KARNATAKA,Urban,35-39,1924493,981449,943044,323944,114024,209920,1600549,867425,733124
C2308,29,000,State - KARNATAKA,Urban,40-44,1506357,794434,711923,291860,108452,183408,1214497,685982,528515
C2308,29,000,State - KARNATAKA,Urban,45-49,1354106,700922,653184,306332,108782,197550,1047774,592140,455634
C2308,29,000,State - KARNATAKA,Urban,50-54,1033814,537809,496005,245714,85259,160455,788100,452550,335550
C2308,29,000,State - KARNATAKA,Urban,55-59,819047,419345,399702,198345,61003,137342,620702,358342,262360
C2308,29,000,State - KARNATAKA,Urban,60-64,707797,352336,355461,220589,66609,153980,487208,285727,201481
C2308,29,000,State - KARNATAKA,Urban,65-69,480637,231843,248794,165547,48130,117417,315090,183713,131377
C2308,29,000,State - KARNATAKA,Urban,70-74,324816,158104,166712,122285,36375,85910,202531,121729,80802
C2308,29,000,State - KARNATAKA,Urban,75-79,174366,83549,90817,61977,17240,44737,112389,66309,46080
C2308,29,000,State - KARNATAKA,Urban,80+,206347,89107,117240,84317,20923,63394,122030,68184,53846
C2308,29,000,State - KARNATAKA,Urban,Age not stated,20022,11457,8565,4240,1884,2356,15782,9573,6209
C2308,30,000,State - GOA,Total,All ages,1458545,739140,719405,293058,123317,169741,1165487,615823,549664
C2308,30,000,State - GOA,Total,0-6,144611,74460,70151,144611,74460,70151,0,0,0
C2308,30,000,State - GOA,Total,7,21365,11068,10297,3595,1882,1713,17770,9186,8584
C2308,30,000,State - GOA,Total,8,20261,10515,9746,1132,557,575,19129,9958,9171
C2308,30,000,State - GOA,Total,9,20934,10646,10288,815,391,424,20119,10255,9864
C2308,30,000,State - GOA,Total,10,23764,12265,11499,920,441,479,22844,11824,11020
C2308,30,000,State - GOA,Total,11,22821,11821,11000,617,281,336,22204,11540,10664
C2308,30,000,State - GOA,Total,12,21334,11171,10163,474,206,268,20860,10965,9895
C2308,30,000,State - GOA,Total,13,21458,11002,10456,444,197,247,21014,10805,10209
C2308,30,000,State - GOA,Total,14,21612,11158,10454,453,202,251,21159,10956,10203
C2308,30,000,State - GOA,Total,15,21859,11343,10516,517,220,297,21342,11123,10219
C2308,30,000,State - GOA,Total,16,21041,11005,10036,495,226,269,20546,10779,9767
C2308,30,000,State - GOA,Total,17,21037,10844,10193,532,258,274,20505,10586,9919
C2308,30,000,State - GOA,Total,18,24876,13363,11513,884,430,454,23992,12933,11059
C2308,30,000,State - GOA,Total,19,25062,13520,11542,872,437,435,24190,13083,11107
C2308,30,000,State - GOA,Total,20-24,130745,70616,60129,6124,2811,3313,124621,67805,56816
C2308,30,000,State - GOA,Total,25-29,132626,67744,64882,8017,3203,4814,124609,64541,60068
C2308,30,000,State - GOA,Total,30-34,125859,63471,62388,8385,3236,5149,117474,60235,57239
C2308,30,000,State - GOA,Total,35-39,126298,63541,62757,10684,3883,6801,115614,59658,55956
C2308,30,000,State - GOA,Total,40-44,108512,55504,53008,11758,4035,7723,96754,51469,45285
C2308,30,000,State - GOA,Total,45-49,94736,47867,46869,13079,4267,8812,81657,43600,38057
C2308,30,000,State - GOA,Total,50-54,76592,38782,37810,12505,3743,8762,64087,35039,29048
C2308,30,000,State - GOA,Total,55-59,65553,32021,33532,12838,3473,9365,52715,28548,24167
C2308,30,000,State - GOA,Total,60-64,61104,29100,32004,17170,4718,12452,43934,24382,19552
C2308,30,000,State - GOA,Total,65-69,41019,19005,22014,13352,3715,9637,27667,15290,12377
C2308,30,000,State - GOA,Total,70-74,29055,12890,16165,10659,2927,7732,18396,9963,8433
C2308,30,000,State - GOA,Total,75-79,16536,7228,9308,5608,1487,4121,10928,5741,5187
C2308,30,000,State - GOA,Total,80+,15781,6092,9689,6112,1483,4629,9669,4609,5060
C2308,30,000,State - GOA,Total,Age not stated,2094,1098,996,406,148,258,1688,950,738
C2308,30,000,State - GOA,Rural,All ages,551731,275436,276295,120460,48293,72167,431271,227143,204128
C2308,30,000,State - GOA,Rural,0-6,54014,27772,26242,54014,27772,26242,0,0,0
C2308,30,000,State - GOA,Rural,7,7946,4093,3853,1357,712,645,6589,3381,3208
C2308,30,000,State - GOA,Rural,8,7468,3821,3647,384,194,190,7084,3627,3457
C2308,30,000,State - GOA,Rural,9,7775,3911,3864,234,114,120,7541,3797,3744
C2308,30,000,State - GOA,Rural,10,8934,4509,4425,283,144,139,8651,4365,4286
C2308,30,000,State - GOA,Rural,11,8504,4289,4215,189,87,102,8315,4202,4113
C2308,30,000,State - GOA,Rural,12,7932,4146,3786,150,64,86,7782,4082,3700
C2308,30,000,State - GOA,Rural,13,8091,4167,3924,152,68,84,7939,4099,3840
C2308,30,000,State - GOA,Rural,14,8205,4193,4012,152,62,90,8053,4131,3922
C2308,30,000,State - GOA,Rural,15,8123,4133,3990,157,68,89,7966,4065,3901
C2308,30,000,State - GOA,Rural,16,7912,4129,3783,166,81,85,7746,4048,3698
C2308,30,000,State - GOA,Rural,17,8058,4145,3913,177,91,86,7881,4054,3827
C2308,30,000,State - GOA,Rural,18,9116,4815,4301,279,130,149,8837,4685,4152
C2308,30,000,State - GOA,Rural,19,9162,4778,4384,307,156,151,8855,4622,4233
C2308,30,000,State - GOA,Rural,20-24,47290,24590,22700,1889,831,1058,45401,23759,21642
C2308,30,000,State - GOA,Rural,25-29,49917,25250,24667,2594,984,1610,47323,24266,23057
C2308,30,000,State - GOA,Rural,30-34,48264,24210,24054,2933,1044,1889,45331,23166,22165
C2308,30,000,State - GOA,Rural,35-39,48386,24268,24118,4188,1341,2847,44198,22927,21271
C2308,30,000,State - GOA,Rural,40-44,40382,20562,19820,5094,1572,3522,35288,18990,16298
C2308,30,000,State - GOA,Rural,45-49,35607,17794,17813,6095,1783,4312,29512,16011,13501
C2308,30,000,State - GOA,Rural,50-54,28856,14247,14609,6126,1715,4411,22730,12532,10198
C2308,30,000,State - GOA,Rural,55-59,25084,12044,13040,6397,1631,4766,18687,10413,8274
C2308,30,000,State - GOA,Rural,60-64,24296,11280,13016,8715,2391,6324,15581,8889,6692
C2308,30,000,State - GOA,Rural,65-69,16890,7627,9263,6989,2080,4909,9901,5547,4354
C2308,30,000,State - GOA,Rural,70-74,11833,5024,6809,5505,1564,3941,6328,3460,2868
C2308,30,000,State - GOA,Rural,75-79,6436,2742,3694,2789,762,2027,3647,1980,1667
C2308,30,000,State - GOA,Rural,80+,6332,2413,3919,2970,790,2180,3362,1623,1739
C2308,30,000,State - GOA,Rural,Age not stated,918,484,434,175,62,113,743,422,321
C2308,30,000,State - GOA,Urban,All ages,906814,463704,443110,172598,75024,97574,734216,388680,345536
C2308,30,000,State - GOA,Urban,0-6,90597,46688,43909,90597,46688,43909,0,0,0
C2308,30,000,State - GOA,Urban,7,13419,6975,6444,2238,1170,1068,11181,5805,5376
C2308,30,000,State - GOA,Urban,8,12793,6694,6099,748,363,385,12045,6331,5714
C2308,30,000,State - GOA,Urban,9,13159,6735,6424,581,277,304,12578,6458,6120
C2308,30,000,State - GOA,Urban,10,14830,7756,7074,637,297,340,14193,7459,6734
C2308,30,000,State - GOA,Urban,11,14317,7532,6785,428,194,234,13889,7338,6551
C2308,30,000,State - GOA,Urban,12,13402,7025,6377,324,142,182,13078,6883,6195
C2308,30,000,State - GOA,Urban,13,13367,6835,6532,292,129,163,13075,6706,6369
C2308,30,000,State - GOA,Urban,14,13407,6965,6442,301,140,161,13106,6825,6281
C2308,30,000,State - GOA,Urban,15,13736,7210,6526,360,152,208,13376,7058,6318
C2308,30,000,State - GOA,Urban,16,13129,6876,6253,329,145,184,12800,6731,6069
C2308,30,000,State - GOA,Urban,17,12979,6699,6280,355,167,188,12624,6532,6092
C2308,30,000,State - GOA,Urban,18,15760,8548,7212,605,300,305,15155,8248,6907
C2308,30,000,State - GOA,Urban,19,15900,8742,7158,565,281,284,15335,8461,6874
C2308,30,000,State - GOA,Urban,20-24,83455,46026,37429,4235,1980,2255,79220,44046,35174
C2308,30,000,State - GOA,Urban,25-29,82709,42494,40215,5423,2219,3204,77286,40275,37011
C2308,30,000,State - GOA,Urban,30-34,77595,39261,38334,5452,2192,3260,72143,37069,35074
C2308,30,000,State - GOA,Urban,35-39,77912,39273,38639,6496,2542,3954,71416,36731,34685
C2308,30,000,State - GOA,Urban,40-44,68130,34942,33188,6664,2463,4201,61466,32479,28987
C2308,30,000,State - GOA,Urban,45-49,59129,30073,29056,6984,2484,4500,52145,27589,24556
C2308,30,000,State - GOA,Urban,50-54,47736,24535,23201,6379,2028,4351,41357,22507,18850
C2308,30,000,State - GOA,Urban,55-59,40469,19977,20492,6441,1842,4599,34028,18135,15893
C2308,30,000,State - GOA,Urban,60-64,36808,17820,18988,8455,2327,6128,28353,15493,12860
C2308,30,000,State - GOA,Urban,65-69,24129,11378,12751,6363,1635,4728,17766,9743,8023
C2308,30,000,State - GOA,Urban,70-74,17222,7866,9356,5154,1363,3791,12068,6503,5565
C2308,30,000,State - GOA,Urban,75-79,10100,4486,5614,2819,725,2094,7281,3761,3520
C2308,30,000,State - GOA,Urban,80+,9449,3679,5770,3142,693,2449,6307,2986,3321
C2308,30,000,State - GOA,Urban,Age not stated,1176,614,562,231,86,145,945,528,417
C2308,31,000,State - LAKSHADWEEP,Total,All ages,64473,33123,31350,11920,5100,6820,52553,28023,24530
C2308,31,000,State - LAKSHADWEEP,Total,0-6,7255,3797,3458,7255,3797,3458,0,0,0
C2308,31,000,State - LAKSHADWEEP,Total,7,1111,566,545,335,168,167,776,398,378
C2308,31,000,State - LAKSHADWEEP,Total,8,905,450,455,79,39,40,826,411,415
C2308,31,000,State - LAKSHADWEEP,Total,9,1188,595,593,76,35,41,1112,560,552
C2308,31,000,State - LAKSHADWEEP,Total,10,1319,641,678,72,31,41,1247,610,637
C2308,31,000,State - LAKSHADWEEP,Total,11,1249,606,643,44,26,18,1205,580,625
C2308,31,000,State - LAKSHADWEEP,Total,12,1161,537,624,13,5,8,1148,532,616
C2308,31,000,State - LAKSHADWEEP,Total,13,1150,519,631,5,3,2,1145,516,629
C2308,31,000,State - LAKSHADWEEP,Total,14,1119,551,568,12,3,9,1107,548,559
C2308,31,000,State - LAKSHADWEEP,Total,15,1159,586,573,8,5,3,1151,581,570
C2308,31,000,State - LAKSHADWEEP,Total,16,1133,530,603,12,4,8,1121,526,595
C2308,31,000,State - LAKSHADWEEP,Total,17,1152,564,588,18,8,10,1134,556,578
C2308,31,000,State - LAKSHADWEEP,Total,18,1140,579,561,19,9,10,1121,570,551
C2308,31,000,State - LAKSHADWEEP,Total,19,1040,549,491,25,15,10,1015,534,481
C2308,31,000,State - LAKSHADWEEP,Total,20-24,5829,3071,2758,113,60,53,5716,3011,2705
C2308,31,000,State - LAKSHADWEEP,Total,25-29,5967,3135,2832,121,67,54,5846,3068,2778
C2308,31,000,State - LAKSHADWEEP,Total,30-34,5437,2777,2660,130,53,77,5307,2724,2583
C2308,31,000,State - LAKSHADWEEP,Total,35-39,5389,2756,2633,173,57,116,5216,2699,2517
C2308,31,000,State - LAKSHADWEEP,Total,40-44,4608,2453,2155,245,69,176,4363,2384,1979
C2308,31,000,State - LAKSHADWEEP,Total,45-49,3810,1975,1835,285,59,226,3525,1916,1609
C2308,31,000,State - LAKSHADWEEP,Total,50-54,3066,1625,1441,367,48,319,2699,1577,1122
C2308,31,000,State - LAKSHADWEEP,Total,55-59,2901,1513,1388,497,65,432,2404,1448,956
C2308,31,000,State - LAKSHADWEEP,Total,60-64,2034,1046,988,548,93,455,1486,953,533
C2308,31,000,State - LAKSHADWEEP,Total,65-69,1413,753,660,529,117,412,884,636,248
C2308,31,000,State - LAKSHADWEEP,Total,70-74,849,410,439,419,105,314,430,305,125
C2308,31,000,State - LAKSHADWEEP,Total,75-79,493,244,249,242,80,162,251,164,87
C2308,31,000,State - LAKSHADWEEP,Total,80+,481,221,260,247,61,186,234,160,74
C2308,31,000,State - LAKSHADWEEP,Total,Age not stated,115,74,41,31,18,13,84,56,28
C2308,31,000,State - LAKSHADWEEP,Rural,All ages,14141,7243,6898,2853,1294,1559,11288,5949,5339
C2308,31,000,State - LAKSHADWEEP,Rural,0-6,1815,950,865,1815,950,865,0,0,0
C2308,31,000,State - LAKSHADWEEP,Rural,7,272,136,136,122,61,61,150,75,75
C2308,31,000,State - LAKSHADWEEP,Rural,8,237,114,123,43,21,22,194,93,101
C2308,31,000,State - LAKSHADWEEP,Rural,9,295,158,137,27,15,12,268,143,125
C2308,31,000,State - LAKSHADWEEP,Rural,10,312,154,158,16,8,8,296,146,150
C2308,31,000,State - LAKSHADWEEP,Rural,11,319,151,168,16,11,5,303,140,163
C2308,31,000,State - LAKSHADWEEP,Rural,12,256,119,137,4,1,3,252,118,134
C2308,31,000,State - LAKSHADWEEP,Rural,13,262,98,164,1,0,1,261,98,163
C2308,31,000,State - LAKSHADWEEP,Rural,14,240,90,150,2,0,2,238,90,148
C2308,31,000,State - LAKSHADWEEP,Rural,15,235,111,124,1,1,0,234,110,124
C2308,31,000,State - LAKSHADWEEP,Rural,16,217,81,136,3,0,3,214,81,133
C2308,31,000,State - LAKSHADWEEP,Rural,17,231,109,122,3,1,2,228,108,120
C2308,31,000,State - LAKSHADWEEP,Rural,18,247,117,130,4,2,2,243,115,128
C2308,31,000,State - LAKSHADWEEP,Rural,19,217,107,110,4,2,2,213,105,108
C2308,31,000,State - LAKSHADWEEP,Rural,20-24,1280,680,600,28,15,13,1252,665,587
C2308,31,000,State - LAKSHADWEEP,Rural,25-29,1305,682,623,25,17,8,1280,665,615
C2308,31,000,State - LAKSHADWEEP,Rural,30-34,1235,642,593,30,13,17,1205,629,576
C2308,31,000,State - LAKSHADWEEP,Rural,35-39,1116,590,526,32,11,21,1084,579,505
C2308,31,000,State - LAKSHADWEEP,Rural,40-44,916,478,438,33,12,21,883,466,417
C2308,31,000,State - LAKSHADWEEP,Rural,45-49,762,405,357,39,15,24,723,390,333
C2308,31,000,State - LAKSHADWEEP,Rural,50-54,669,368,301,51,11,40,618,357,261
C2308,31,000,State - LAKSHADWEEP,Rural,55-59,577,298,279,94,13,81,483,285,198
C2308,31,000,State - LAKSHADWEEP,Rural,60-64,425,227,198,113,20,93,312,207,105
C2308,31,000,State - LAKSHADWEEP,Rural,65-69,319,175,144,135,26,109,184,149,35
C2308,31,000,State - LAKSHADWEEP,Rural,70-74,170,75,95,108,26,82,62,49,13
C2308,31,000,State - LAKSHADWEEP,Rural,75-79,95,53,42,58,25,33,37,28,9
C2308,31,000,State - LAKSHADWEEP,Rural,80+,90,55,35,43,15,28,47,40,7
C2308,31,000,State - LAKSHADWEEP,Rural,Age not stated,27,20,7,3,2,1,24,18,6
C2308,31,000,State - LAKSHADWEEP,Urban,All ages,50332,25880,24452,9067,3806,5261,41265,22074,19191
C2308,31,000,State - LAKSHADWEEP,Urban,0-6,5440,2847,2593,5440,2847,2593,0,0,0
C2308,31,000,State - LAKSHADWEEP,Urban,7,839,430,409,213,107,106,626,323,303
C2308,31,000,State - LAKSHADWEEP,Urban,8,668,336,332,36,18,18,632,318,314
C2308,31,000,State - LAKSHADWEEP,Urban,9,893,437,456,49,20,29,844,417,427
C2308,31,000,State - LAKSHADWEEP,Urban,10,1007,487,520,56,23,33,951,464,487
C2308,31,000,State - LAKSHADWEEP,Urban,11,930,455,475,28,15,13,902,440,462
C2308,31,000,State - LAKSHADWEEP,Urban,12,905,418,487,9,4,5,896,414,482
C2308,31,000,State - LAKSHADWEEP,Urban,13,888,421,467,4,3,1,884,418,466
C2308,31,000,State - LAKSHADWEEP,Urban,14,879,461,418,10,3,7,869,458,411
C2308,31,000,State - LAKSHADWEEP,Urban,15,924,475,449,7,4,3,917,471,446
C2308,31,000,State - LAKSHADWEEP,Urban,16,916,449,467,9,4,5,907,445,462
C2308,31,000,State - LAKSHADWEEP,Urban,17,921,455,466,15,7,8,906,448,458
C2308,31,000,State - LAKSHADWEEP,Urban,18,893,462,431,15,7,8,878,455,423
C2308,31,000,State - LAKSHADWEEP,Urban,19,823,442,381,21,13,8,802,429,373
C2308,31,000,State - LAKSHADWEEP,Urban,20-24,4549,2391,2158,85,45,40,4464,2346,2118
C2308,31,000,State - LAKSHADWEEP,Urban,25-29,4662,2453,2209,96,50,46,4566,2403,2163
C2308,31,000,State - LAKSHADWEEP,Urban,30-34,4202,2135,2067,100,40,60,4102,2095,2007
C2308,31,000,State - LAKSHADWEEP,Urban,35-39,4273,2166,2107,141,46,95,4132,2120,2012
C2308,31,000,State - LAKSHADWEEP,Urban,40-44,3692,1975,1717,212,57,155,3480,1918,1562
C2308,31,000,State - LAKSHADWEEP,Urban,45-49,3048,1570,1478,246,44,202,2802,1526,1276
C2308,31,000,State - LAKSHADWEEP,Urban,50-54,2397,1257,1140,316,37,279,2081,1220,861
C2308,31,000,State - LAKSHADWEEP,Urban,55-59,2324,1215,1109,403,52,351,1921,1163,758
C2308,31,000,State - LAKSHADWEEP,Urban,60-64,1609,819,790,435,73,362,1174,746,428
C2308,31,000,State - LAKSHADWEEP,Urban,65-69,1094,578,516,394,91,303,700,487,213
C2308,31,000,State - LAKSHADWEEP,Urban,70-74,679,335,344,311,79,232,368,256,112
C2308,31,000,State - LAKSHADWEEP,Urban,75-79,398,191,207,184,55,129,214,136,78
C2308,31,000,State - LAKSHADWEEP,Urban,80+,391,166,225,204,46,158,187,120,67
C2308,31,000,State - LAKSHADWEEP,Urban,Age not stated,88,54,34,28,16,12,60,38,22
C2308,32,000,State - KERALA,Total,All ages,33406061,16027412,17378649,5270237,2322509,2947728,28135824,13704903,14430921
C2308,32,000,State - KERALA,Total,0-6,3472955,1768244,1704711,3472955,1768244,1704711,0,0,0
C2308,32,000,State - KERALA,Total,7,510507,260663,249844,68718,35411,33307,441789,225252,216537
C2308,32,000,State - KERALA,Total,8,505052,257189,247863,15292,7925,7367,489760,249264,240496
C2308,32,000,State - KERALA,Total,9,519690,264628,255062,8935,4614,4321,510755,260014,250741
C2308,32,000,State - KERALA,Total,10,580680,296685,283995,11936,6153,5783,568744,290532,278212
C2308,32,000,State - KERALA,Total,11,568020,289140,278880,6700,3477,3223,561320,285663,275657
C2308,32,000,State - KERALA,Total,12,541784,276952,264832,4455,2226,2229,537329,274726,262603
C2308,32,000,State - KERALA,Total,13,578706,293478,285228,4506,2207,2299,574200,291271,282929
C2308,32,000,State - KERALA,Total,14,553580,282662,270918,4481,2320,2161,549099,280342,268757
C2308,32,000,State - KERALA,Total,15,541700,276123,265577,4663,2382,2281,537037,273741,263296
C2308,32,000,State - KERALA,Total,16,515159,261654,253505,4043,1997,2046,511116,259657,251459
C2308,32,000,State - KERALA,Total,17,517325,263097,254228,3751,1857,1894,513574,261240,252334
C2308,32,000,State - KERALA,Total,18,527597,269522,258075,4645,2378,2267,522952,267144,255808
C2308,32,000,State - KERALA,Total,19,508771,257903,250868,4316,2207,2109,504455,255696,248759
C2308,32,000,State - KERALA,Total,20-24,2665809,1298826,1366983,29478,14375,15103,2636331,1284451,1351880
C2308,32,000,State - KERALA,Total,25-29,2604092,1203978,1400114,38561,17327,21234,2565531,1186651,1378880
C2308,32,000,State - KERALA,Total,30-34,2455501,1128217,1327284,46205,19077,27128,2409296,1109140,1300156
C2308,32,000,State - KERALA,Total,35-39,2579673,1161819,1417854,76937,27219,49718,2502736,1134600,1368136
C2308,32,000,State - KERALA,Total,40-44,2412498,1117424,1295074,100376,33979,66397,2312122,1083445,1228677
C2308,32,000,State - KERALA,Total,45-49,2348530,1105598,1242932,148520,47307,101213,2200010,1058291,1141719
C2308,32,000,State - KERALA,Total,50-54,1928145,931191,996954,151882,45522,106360,1776263,885669,890594
C2308,32,000,State - KERALA,Total,55-59,1742408,861527,880881,181121,52146,128975,1561287,809381,751906
C2308,32,000,State - KERALA,Total,60-64,1414671,685136,729535,202445,55376,147069,1212226,629760,582466
C2308,32,000,State - KERALA,Total,65-69,1002134,459232,542902,201551,51654,149897,800583,407578,393005
C2308,32,000,State - KERALA,Total,70-74,733372,326562,406810,169706,43070,126636,563666,283492,280174
C2308,32,000,State - KERALA,Total,75-79,501367,208317,293050,131508,32400,99108,369859,175917,193942
C2308,32,000,State - KERALA,Total,80+,541849,204348,337501,165900,36651,129249,375949,167697,208252
C2308,32,000,State - KERALA,Total,Age not stated,34486,17297,17189,6651,3008,3643,27835,14289,13546
C2308,32,000,State - KERALA,Rural,All ages,17471135,8408054,9063081,2921815,1275624,1646191,14549320,7132430,7416890
C2308,32,000,State - KERALA,Rural,0-6,1823664,927888,895776,1823664,927888,895776,0,0,0
C2308,32,000,State - KERALA,Rural,7,269683,137381,132302,38424,19923,18501,231259,117458,113801
C2308,32,000,State - KERALA,Rural,8,266464,135648,130816,8843,4651,4192,257621,130997,126624
C2308,32,000,State - KERALA,Rural,9,274733,139969,134764,5003,2652,2351,269730,137317,132413
C2308,32,000,State - KERALA,Rural,10,308617,157549,151068,6522,3342,3180,302095,154207,147888
C2308,32,000,State - KERALA,Rural,11,300586,152852,147734,3723,1947,1776,296863,150905,145958
C2308,32,000,State - KERALA,Rural,12,289296,147699,141597,2584,1292,1292,286712,146407,140305
C2308,32,000,State - KERALA,Rural,13,307138,155230,151908,2452,1217,1235,304686,154013,150673
C2308,32,000,State - KERALA,Rural,14,293701,149567,144134,2520,1310,1210,291181,148257,142924
C2308,32,000,State - KERALA,Rural,15,285887,145596,140291,2602,1333,1269,283285,144263,139022
C2308,32,000,State - KERALA,Rural,16,271122,137616,133506,2257,1108,1149,268865,136508,132357
C2308,32,000,State - KERALA,Rural,17,269726,137316,132410,2108,1033,1075,267618,136283,131335
C2308,32,000,State - KERALA,Rural,18,274990,140996,133994,2673,1347,1326,272317,139649,132668
C2308,32,000,State - KERALA,Rural,19,264088,134680,129408,2447,1191,1256,261641,133489,128152
C2308,32,000,State - KERALA,Rural,20-24,1386061,680283,705778,17484,8121,9363,1368577,672162,696415
C2308,32,000,State - KERALA,Rural,25-29,1369036,639039,729997,24432,10522,13910,1344604,628517,716087
C2308,32,000,State - KERALA,Rural,30-34,1278260,592974,685286,29734,11731,18003,1248526,581243,667283
C2308,32,000,State - KERALA,Rural,35-39,1344629,608341,736288,51620,17558,34062,1293009,590783,702226
C2308,32,000,State - KERALA,Rural,40-44,1246138,578217,667921,66038,21887,44151,1180100,556330,623770
C2308,32,000,State - KERALA,Rural,45-49,1227882,578437,649445,98023,31306,66717,1129859,547131,582728
C2308,32,000,State - KERALA,Rural,50-54,1001162,484917,516245,96630,29665,66965,904532,455252,449280
C2308,32,000,State - KERALA,Rural,55-59,903383,446860,456523,113074,33949,79125,790309,412911,377398
C2308,32,000,State - KERALA,Rural,60-64,724947,351377,373570,122690,35554,87136,602257,315823,286434
C2308,32,000,State - KERALA,Rural,65-69,525265,240537,284728,120606,33023,87583,404659,207514,197145
C2308,32,000,State - KERALA,Rural,70-74,381986,170673,211313,98910,27074,71836,283076,143599,139477
C2308,32,000,State - KERALA,Rural,75-79,266667,111752,154915,76492,20133,56359,190175,91619,98556
C2308,32,000,State - KERALA,Rural,80+,298687,115981,182706,96926,23416,73510,201761,92565,109196
C2308,32,000,State - KERALA,Rural,Age not stated,17337,8679,8658,3334,1451,1883,14003,7228,6775
C2308,32,000,State - KERALA,Urban,All ages,15934926,7619358,8315568,2348422,1046885,1301537,13586504,6572473,7014031
C2308,32,000,State - KERALA,Urban,0-6,1649291,840356,808935,1649291,840356,808935,0,0,0
C2308,32,000,State - KERALA,Urban,7,240824,123282,117542,30294,15488,14806,210530,107794,102736
C2308,32,000,State - KERALA,Urban,8,238588,121541,117047,6449,3274,3175,232139,118267,113872
C2308,32,000,State - KERALA,Urban,9,244957,124659,120298,3932,1962,1970,241025,122697,118328
C2308,32,000,State - KERALA,Urban,10,272063,139136,132927,5414,2811,2603,266649,136325,130324
C2308,32,000,State - KERALA,Urban,11,267434,136288,131146,2977,1530,1447,264457,134758,129699
C2308,32,000,State - KERALA,Urban,12,252488,129253,123235,1871,934,937,250617,128319,122298
C2308,32,000,State - KERALA,Urban,13,271568,138248,133320,2054,990,1064,269514,137258,132256
C2308,32,000,State - KERALA,Urban,14,259879,133095,126784,1961,1010,951,257918,132085,125833
C2308,32,000,State - KERALA,Urban,15,255813,130527,125286,2061,1049,1012,253752,129478,124274
C2308,32,000,State - KERALA,Urban,16,244037,124038,119999,1786,889,897,242251,123149,119102
C2308,32,000,State - KERALA,Urban,17,247599,125781,121818,1643,824,819,245956,124957,120999
C2308,32,000,State - KERALA,Urban,18,252607,128526,124081,1972,1031,941,250635,127495,123140
C2308,32,000,State - KERALA,Urban,19,244683,123223,121460,1869,1016,853,242814,122207,120607
C2308,32,000,State - KERALA,Urban,20-24,1279748,618543,661205,11994,6254,5740,1267754,612289,655465
C2308,32,000,State - KERALA,Urban,25-29,1235056,564939,670117,14129,6805,7324,1220927,558134,662793
C2308,32,000,State - KERALA,Urban,30-34,1177241,535243,641998,16471,7346,9125,1160770,527897,632873
C2308,32,000,State - KERALA,Urban,35-39,1235044,553478,681566,25317,9661,15656,1209727,543817,665910
C2308,32,000,State - KERALA,Urban,40-44,1166360,539207,627153,34338,12092,22246,1132022,527115,604907
C2308,32,000,State - KERALA,Urban,45-49,1120648,527161,593487,50497,16001,34496,1070151,511160,558991
C2308,32,000,State - KERALA,Urban,50-54,926983,446274,480709,55252,15857,39395,871731,430417,441314
C2308,32,000,State - KERALA,Urban,55-59,839025,414667,424358,68047,18197,49850,770978,396470,374508
C2308,32,000,State - KERALA,Urban,60-64,689724,333759,355965,79755,19822,59933,609969,313937,296032
C2308,32,000,State - KERALA,Urban,65-69,476869,218695,258174,80945,18631,62314,395924,200064,195860
C2308,32,000,State - KERALA,Urban,70-74,351386,155889,195497,70796,15996,54800,280590,139893,140697
C2308,32,000,State - KERALA,Urban,75-79,234700,96565,138135,55016,12267,42749,179684,84298,95386
C2308,32,000,State - KERALA,Urban,80+,243162,88367,154795,68974,13235,55739,174188,75132,99056
C2308,32,000,State - KERALA,Urban,Age not stated,17149,8618,8531,3317,1557,1760,13832,7061,6771
C2308,33,000,State - TAMIL NADU,Total,All ages,72147030,36137975,36009055,20309523,8097484,12212039,51837507,28040491,23797016
C2308,33,000,State - TAMIL NADU,Total,0-6,7423832,3820276,3603556,7423832,3820276,3603556,0,0,0
C2308,33,000,State - TAMIL NADU,Total,7,1139867,585055,554812,204444,104516,99928,935423,480539,454884
C2308,33,000,State - TAMIL NADU,Total,8,1127033,575557,551476,78519,39586,38933,1048514,535971,512543
C2308,33,000,State - TAMIL NADU,Total,9,1139224,584983,554241,42804,21300,21504,1096420,563683,532737
C2308,33,000,State - TAMIL NADU,Total,10,1290991,666692,624299,43706,21681,22025,1247285,645011,602274
C2308,33,000,State - TAMIL NADU,Total,11,1217158,629072,588086,24707,11878,12829,1192451,617194,575257
C2308,33,000,State - TAMIL NADU,Total,12,1207576,623211,584365,20642,9748,10894,1186934,613463,573471
C2308,33,000,State - TAMIL NADU,Total,13,1236636,635251,601385,19685,8810,10875,1216951,626441,590510
C2308,33,000,State - TAMIL NADU,Total,14,1225186,634764,590422,20655,9386,11269,1204531,625378,579153
C2308,33,000,State - TAMIL NADU,Total,15,1279794,664183,615611,26972,12253,14719,1252822,651930,600892
C2308,33,000,State - TAMIL NADU,Total,16,1177774,610930,566844,23291,10548,12743,1154483,600382,554101
C2308,33,000,State - TAMIL NADU,Total,17,1196680,623711,572969,26852,12036,14816,1169828,611675,558153
C2308,33,000,State - TAMIL NADU,Total,18,1325332,683260,642072,38054,15939,22115,1287278,667321,619957
C2308,33,000,State - TAMIL NADU,Total,19,1274212,647754,626458,41078,15809,25269,1233134,631945,601189
C2308,33,000,State - TAMIL NADU,Total,20-24,6411543,3154804,3256739,339466,114708,224758,6072077,3040096,3031981
C2308,33,000,State - TAMIL NADU,Total,25-29,6663746,3237374,3426372,645880,201501,444379,6017866,3035873,2981993
C2308,33,000,State - TAMIL NADU,Total,30-34,5815560,2908749,2906811,822885,250969,571916,4992675,2657780,2334895
C2308,33,000,State - TAMIL NADU,Total,35-39,5836456,2815205,3021251,1315287,383766,931521,4521169,2431439,2089730
C2308,33,000,State - TAMIL NADU,Total,40-44,5064209,2549846,2514363,1385725,458333,927392,3678484,2091513,1586971
C2308,33,000,State - TAMIL NADU,Total,45-49,4713056,2374915,2338141,1521467,517884,1003583,3191589,1857031,1334558
C2308,33,000,State - TAMIL NADU,Total,50-54,3703460,1875563,1827897,1278195,426386,851809,2425265,1449177,976088
C2308,33,000,State - TAMIL NADU,Total,55-59,3101142,1540924,1560218,1180911,372497,808414,1920231,1168427,751804
C2308,33,000,State - TAMIL NADU,Total,60-64,2782608,1378039,1404569,1265148,415621,849527,1517460,962418,555042
C2308,33,000,State - TAMIL NADU,Total,65-69,1868370,896412,971958,943515,305543,637972,924855,590869,333986
C2308,33,000,State - TAMIL NADU,Total,70-74,1406529,693167,713362,759939,262480,497459,646590,430687,215903
C2308,33,000,State - TAMIL NADU,Total,75-79,710241,353746,356495,369734,128493,241241,340507,225253,115254
C2308,33,000,State - TAMIL NADU,Total,80+,742010,339862,402148,429683,139170,290513,312327,200692,111635
C2308,33,000,State - TAMIL NADU,Total,Age not stated,66805,34670,32135,16447,6367,10080,50358,28303,22055
C2308,33,000,State - TAMIL NADU,Rural,All ages,37229590,18679065,18550525,12727395,5013226,7714169,24502195,13665839,10836356
C2308,33,000,State - TAMIL NADU,Rural,0-6,3911302,2020550,1890752,3911302,2020550,1890752,0,0,0
C2308,33,000,State - TAMIL NADU,Rural,7,614119,315690,298429,118070,60632,57438,496049,255058,240991
C2308,33,000,State - TAMIL NADU,Rural,8,611270,312939,298331,45223,22960,22263,566047,289979,276068
C2308,33,000,State - TAMIL NADU,Rural,9,613724,316394,297330,24217,12069,12148,589507,304325,285182
C2308,33,000,State - TAMIL NADU,Rural,10,693192,359065,334127,24760,12245,12515,668432,346820,321612
C2308,33,000,State - TAMIL NADU,Rural,11,648632,336677,311955,14149,6754,7395,634483,329923,304560
C2308,33,000,State - TAMIL NADU,Rural,12,656309,341181,315128,12314,5760,6554,643995,335421,308574
C2308,33,000,State - TAMIL NADU,Rural,13,667459,344941,322518,11777,5201,6576,655682,339740,315942
C2308,33,000,State - TAMIL NADU,Rural,14,659568,344302,315266,12551,5591,6960,647017,338711,308306
C2308,33,000,State - TAMIL NADU,Rural,15,695349,364062,331287,17040,7652,9388,678309,356410,321899
C2308,33,000,State - TAMIL NADU,Rural,16,634943,333404,301539,14507,6465,8042,620436,326939,293497
C2308,33,000,State - TAMIL NADU,Rural,17,644866,341577,303289,17026,7493,9533,627840,334084,293756
C2308,33,000,State - TAMIL NADU,Rural,18,718852,376212,342640,24668,9994,14674,694184,366218,327966
C2308,33,000,State - TAMIL NADU,Rural,19,679088,349978,329110,26725,9900,16825,652363,340078,312285
C2308,33,000,State - TAMIL NADU,Rural,20-24,3315234,1658770,1656464,225615,72828,152787,3089619,1585942,1503677
C2308,33,000,State - TAMIL NADU,Rural,25-29,3360498,1652498,1708000,439818,132115,307703,2920680,1520383,1400297
C2308,33,000,State - TAMIL NADU,Rural,30-34,2825218,1419512,1405706,565073,168732,396341,2260145,1250780,1009365
C2308,33,000,State - TAMIL NADU,Rural,35-39,2894635,1375375,1519260,909833,263485,646348,1984802,1111890,872912
C2308,33,000,State - TAMIL NADU,Rural,40-44,2495827,1244055,1251772,964326,322272,642054,1531501,921783,609718
C2308,33,000,State - TAMIL NADU,Rural,45-49,2383374,1187892,1195482,1059766,367108,692658,1323608,820784,502824
C2308,33,000,State - TAMIL NADU,Rural,50-54,1862643,926233,936410,895728,306459,589269,966915,619774,347141
C2308,33,000,State - TAMIL NADU,Rural,55-59,1578510,765352,813158,820097,267571,552526,758413,497781,260632
C2308,33,000,State - TAMIL NADU,Rural,60-64,1484099,726363,757736,884194,305758,578436,599905,420605,179300
C2308,33,000,State - TAMIL NADU,Rural,65-69,1022924,490698,532226,651804,225559,426245,371120,265139,105981
C2308,33,000,State - TAMIL NADU,Rural,70-74,770619,384159,386460,517037,193401,323636,253582,190758,62824
C2308,33,000,State - TAMIL NADU,Rural,75-79,365791,187116,178675,240558,92320,148238,125233,94796,30437
C2308,33,000,State - TAMIL NADU,Rural,80+,385664,185450,200214,268985,98366,170619,116679,87084,29595
C2308,33,000,State - TAMIL NADU,Rural,Age not stated,35881,18620,17261,10232,3986,6246,25649,14634,11015
C2308,33,000,State - TAMIL NADU,Urban,All ages,34917440,17458910,17458530,7582128,3084258,4497870,27335312,14374652,12960660
C2308,33,000,State - TAMIL NADU,Urban,0-6,3512530,1799726,1712804,3512530,1799726,1712804,0,0,0
C2308,33,000,State - TAMIL NADU,Urban,7,525748,269365,256383,86374,43884,42490,439374,225481,213893
C2308,33,000,State - TAMIL NADU,Urban,8,515763,262618,253145,33296,16626,16670,482467,245992,236475
C2308,33,000,State - TAMIL NADU,Urban,9,525500,268589,256911,18587,9231,9356,506913,259358,247555
C2308,33,000,State - TAMIL NADU,Urban,10,597799,307627,290172,18946,9436,9510,578853,298191,280662
C2308,33,000,State - TAMIL NADU,Urban,11,568526,292395,276131,10558,5124,5434,557968,287271,270697
C2308,33,000,State - TAMIL NADU,Urban,12,551267,282030,269237,8328,3988,4340,542939,278042,264897
C2308,33,000,State - TAMIL NADU,Urban,13,569177,290310,278867,7908,3609,4299,561269,286701,274568
C2308,33,000,State - TAMIL NADU,Urban,14,565618,290462,275156,8104,3795,4309,557514,286667,270847
C2308,33,000,State - TAMIL NADU,Urban,15,584445,300121,284324,9932,4601,5331,574513,295520,278993
C2308,33,000,State - TAMIL NADU,Urban,16,542831,277526,265305,8784,4083,4701,534047,273443,260604
C2308,33,000,State - TAMIL NADU,Urban,17,551814,282134,269680,9826,4543,5283,541988,277591,264397
C2308,33,000,State - TAMIL NADU,Urban,18,606480,307048,299432,13386,5945,7441,593094,301103,291991
C2308,33,000,State - TAMIL NADU,Urban,19,595124,297776,297348,14353,5909,8444,580771,291867,288904
C2308,33,000,State - TAMIL NADU,Urban,20-24,3096309,1496034,1600275,113851,41880,71971,2982458,1454154,1528304
C2308,33,000,State - TAMIL NADU,Urban,25-29,3303248,1584876,1718372,206062,69386,136676,3097186,1515490,1581696
C2308,33,000,State - TAMIL NADU,Urban,30-34,2990342,1489237,1501105,257812,82237,175575,2732530,1407000,1325530
C2308,33,000,State - TAMIL NADU,Urban,35-39,2941821,1439830,1501991,405454,120281,285173,2536367,1319549,1216818
C2308,33,000,State - TAMIL NADU,Urban,40-44,2568382,1305791,1262591,421399,136061,285338,2146983,1169730,977253
C2308,33,000,State - TAMIL NADU,Urban,45-49,2329682,1187023,1142659,461701,150776,310925,1867981,1036247,831734
C2308,33,000,State - TAMIL NADU,Urban,50-54,1840817,949330,891487,382467,119927,262540,1458350,829403,628947
C2308,33,000,State - TAMIL NADU,Urban,55-59,1522632,775572,747060,360814,104926,255888,1161818,670646,491172
C2308,33,000,State - TAMIL NADU,Urban,60-64,1298509,651676,646833,380954,109863,271091,917555,541813,375742
C2308,33,000,State - TAMIL NADU,Urban,65-69,845446,405714,439732,291711,79984,211727,553735,325730,228005
C2308,33,000,State - TAMIL NADU,Urban,70-74,635910,309008,326902,242902,69079,173823,393008,239929,153079
C2308,33,000,State - TAMIL NADU,Urban,75-79,344450,166630,177820,129176,36173,93003,215274,130457,84817
C2308,33,000,State - TAMIL NADU,Urban,80+,356346,154412,201934,160698,40804,119894,195648,113608,82040
C2308,33,000,State - TAMIL NADU,Urban,Age not stated,30924,16050,14874,6215,2381,3834,24709,13669,11040
C2308,34,000,State - PUDUCHERRY,Total,All ages,1247953,612511,635442,290644,115133,175511,957309,497378,459931
C2308,34,000,State - PUDUCHERRY,Total,0-6,132858,67527,65331,132858,67527,65331,0,0,0
C2308,34,000,State - PUDUCHERRY,Total,7,20124,10237,9887,4426,2232,2194,15698,8005,7693
C2308,34,000,State - PUDUCHERRY,Total,8,19561,9990,9571,1808,910,898,17753,9080,8673
C2308,34,000,State - PUDUCHERRY,Total,9,20123,10276,9847,1094,580,514,19029,9696,9333
C2308,34,000,State - PUDUCHERRY,Total,10,22468,11433,11035,1004,514,490,21464,10919,10545
C2308,34,000,State - PUDUCHERRY,Total,11,21640,11050,10590,532,272,260,21108,10778,10330
C2308,34,000,State - PUDUCHERRY,Total,12,20235,10292,9943,302,159,143,19933,10133,9800
C2308,34,000,State - PUDUCHERRY,Total,13,20836,10681,10155,241,128,113,20595,10553,10042
C2308,34,000,State - PUDUCHERRY,Total,14,20547,10480,10067,258,126,132,20289,10354,9935
C2308,34,000,State - PUDUCHERRY,Total,15,20942,10812,10130,322,144,178,20620,10668,9952
C2308,34,000,State - PUDUCHERRY,Total,16,19439,9985,9454,285,151,134,19154,9834,9320
C2308,34,000,State - PUDUCHERRY,Total,17,19528,10113,9415,286,132,154,19242,9981,9261
C2308,34,000,State - PUDUCHERRY,Total,18,21267,10731,10536,414,203,211,20853,10528,10325
C2308,34,000,State - PUDUCHERRY,Total,19,21140,10590,10550,433,173,260,20707,10417,10290
C2308,34,000,State - PUDUCHERRY,Total,20-24,108819,51287,57532,3563,1356,2207,105256,49931,55325
C2308,34,000,State - PUDUCHERRY,Total,25-29,118244,55052,63192,6498,2213,4285,111746,52839,58907
C2308,34,000,State - PUDUCHERRY,Total,30-34,111070,53761,57309,9302,3059,6243,101768,50702,51066
C2308,34,000,State - PUDUCHERRY,Total,35-39,107459,52655,54804,14677,4348,10329,92782,48307,44475
C2308,34,000,State - PUDUCHERRY,Total,40-44,89779,45482,44297,15856,4793,11063,73923,40689,33234
C2308,34,000,State - PUDUCHERRY,Total,45-49,79305,40625,38680,17320,5207,12113,61985,35418,26567
C2308,34,000,State - PUDUCHERRY,Total,50-54,60923,30858,30065,14057,4113,9944,46866,26745,20121
C2308,34,000,State - PUDUCHERRY,Total,55-59,50109,24615,25494,13704,3719,9985,36405,20896,15509
C2308,34,000,State - PUDUCHERRY,Total,60-64,43828,20498,23330,15552,3997,11555,28276,16501,11775
C2308,34,000,State - PUDUCHERRY,Total,65-69,27983,12154,15829,12025,2964,9061,15958,9190,6768
C2308,34,000,State - PUDUCHERRY,Total,70-74,22521,9861,12660,10505,2675,7830,12016,7186,4830
C2308,34,000,State - PUDUCHERRY,Total,75-79,12789,5494,7295,6038,1558,4480,6751,3936,2815
C2308,34,000,State - PUDUCHERRY,Total,80+,13315,5412,7903,6983,1763,5220,6332,3649,2683
C2308,34,000,State - PUDUCHERRY,Total,Age not stated,1101,560,541,301,117,184,800,443,357
C2308,34,000,State - PUDUCHERRY,Rural,All ages,395200,194907,200293,114318,44417,69901,280882,150490,130392
C2308,34,000,State - PUDUCHERRY,Rural,0-6,44514,22798,21716,44514,22798,21716,0,0,0
C2308,34,000,State - PUDUCHERRY,Rural,7,6703,3342,3361,1753,886,867,4950,2456,2494
C2308,34,000,State - PUDUCHERRY,Rural,8,6536,3348,3188,785,377,408,5751,2971,2780
C2308,34,000,State - PUDUCHERRY,Rural,9,6741,3432,3309,467,244,223,6274,3188,3086
C2308,34,000,State - PUDUCHERRY,Rural,10,7480,3743,3737,410,193,217,7070,3550,3520
C2308,34,000,State - PUDUCHERRY,Rural,11,7251,3716,3535,223,112,111,7028,3604,3424
C2308,34,000,State - PUDUCHERRY,Rural,12,6780,3446,3334,91,44,47,6689,3402,3287
C2308,34,000,State - PUDUCHERRY,Rural,13,7042,3574,3468,92,46,46,6950,3528,3422
C2308,34,000,State - PUDUCHERRY,Rural,14,6798,3493,3305,91,39,52,6707,3454,3253
C2308,34,000,State - PUDUCHERRY,Rural,15,6931,3520,3411,119,47,72,6812,3473,3339
C2308,34,000,State - PUDUCHERRY,Rural,16,6392,3277,3115,96,49,47,6296,3228,3068
C2308,34,000,State - PUDUCHERRY,Rural,17,6379,3343,3036,101,43,58,6278,3300,2978
C2308,34,000,State - PUDUCHERRY,Rural,18,7177,3623,3554,148,68,80,7029,3555,3474
C2308,34,000,State - PUDUCHERRY,Rural,19,7140,3631,3509,136,56,80,7004,3575,3429
C2308,34,000,State - PUDUCHERRY,Rural,20-24,36272,17155,19117,1286,457,829,34986,16698,18288
C2308,34,000,State - PUDUCHERRY,Rural,25-29,38840,18442,20398,2487,746,1741,36353,17696,18657
C2308,34,000,State - PUDUCHERRY,Rural,30-34,34114,16868,17246,3797,1094,2703,30317,15774,14543
C2308,34,000,State - PUDUCHERRY,Rural,35-39,32946,16190,16756,6669,1813,4856,26277,14377,11900
C2308,34,000,State - PUDUCHERRY,Rural,40-44,26217,13362,12855,7229,2137,5092,18988,11225,7763
C2308,34,000,State - PUDUCHERRY,Rural,45-49,23828,12218,11610,8290,2506,5784,15538,9712,5826
C2308,34,000,State - PUDUCHERRY,Rural,50-54,17462,8814,8648,6742,2054,4688,10720,6760,3960
C2308,34,000,State - PUDUCHERRY,Rural,55-59,14711,7082,7629,6483,1905,4578,8228,5177,3051
C2308,34,000,State - PUDUCHERRY,Rural,60-64,13161,6025,7136,7182,2113,5069,5979,3912,2067
C2308,34,000,State - PUDUCHERRY,Rural,65-69,8733,3751,4982,5352,1539,3813,3381,2212,1169
C2308,34,000,State - PUDUCHERRY,Rural,70-74,6993,3104,3889,4580,1378,3202,2413,1726,687
C2308,34,000,State - PUDUCHERRY,Rural,75-79,3604,1605,1999,2357,754,1603,1247,851,396
C2308,34,000,State - PUDUCHERRY,Rural,80+,3957,1747,2210,2685,854,1831,1272,893,379
C2308,34,000,State - PUDUCHERRY,Rural,Age not stated,498,258,240,153,65,88,345,193,152
C2308,34,000,State - PUDUCHERRY,Urban,All ages,852753,417604,435149,176326,70716,105610,676427,346888,329539
C2308,34,000,State - PUDUCHERRY,Urban,0-6,88344,44729,43615,88344,44729,43615,0,0,0
C2308,34,000,State - PUDUCHERRY,Urban,7,13421,6895,6526,2673,1346,1327,10748,5549,5199
C2308,34,000,State - PUDUCHERRY,Urban,8,13025,6642,6383,1023,533,490,12002,6109,5893
C2308,34,000,State - PUDUCHERRY,Urban,9,13382,6844,6538,627,336,291,12755,6508,6247
C2308,34,000,State - PUDUCHERRY,Urban,10,14988,7690,7298,594,321,273,14394,7369,7025
C2308,34,000,State - PUDUCHERRY,Urban,11,14389,7334,7055,309,160,149,14080,7174,6906
C2308,34,000,State - PUDUCHERRY,Urban,12,13455,6846,6609,211,115,96,13244,6731,6513
C2308,34,000,State - PUDUCHERRY,Urban,13,13794,7107,6687,149,82,67,13645,7025,6620
C2308,34,000,State - PUDUCHERRY,Urban,14,13749,6987,6762,167,87,80,13582,6900,6682
C2308,34,000,State - PUDUCHERRY,Urban,15,14011,7292,6719,203,97,106,13808,7195,6613
C2308,34,000,State - PUDUCHERRY,Urban,16,13047,6708,6339,189,102,87,12858,6606,6252
C2308,34,000,State - PUDUCHERRY,Urban,17,13149,6770,6379,185,89,96,12964,6681,6283
C2308,34,000,State - PUDUCHERRY,Urban,18,14090,7108,6982,266,135,131,13824,6973,6851
C2308,34,000,State - PUDUCHERRY,Urban,19,14000,6959,7041,297,117,180,13703,6842,6861
C2308,34,000,State - PUDUCHERRY,Urban,20-24,72547,34132,38415,2277,899,1378,70270,33233,37037
C2308,34,000,State - PUDUCHERRY,Urban,25-29,79404,36610,42794,4011,1467,2544,75393,35143,40250
C2308,34,000,State - PUDUCHERRY,Urban,30-34,76956,36893,40063,5505,1965,3540,71451,34928,36523
C2308,34,000,State - PUDUCHERRY,Urban,35-39,74513,36465,38048,8008,2535,5473,66505,33930,32575
C2308,34,000,State - PUDUCHERRY,Urban,40-44,63562,32120,31442,8627,2656,5971,54935,29464,25471
C2308,34,000,State - PUDUCHERRY,Urban,45-49,55477,28407,27070,9030,2701,6329,46447,25706,20741
C2308,34,000,State - PUDUCHERRY,Urban,50-54,43461,22044,21417,7315,2059,5256,36146,19985,16161
C2308,34,000,State - PUDUCHERRY,Urban,55-59,35398,17533,17865,7221,1814,5407,28177,15719,12458
C2308,34,000,State - PUDUCHERRY,Urban,60-64,30667,14473,16194,8370,1884,6486,22297,12589,9708
C2308,34,000,State - PUDUCHERRY,Urban,65-69,19250,8403,10847,6673,1425,5248,12577,6978,5599
C2308,34,000,State - PUDUCHERRY,Urban,70-74,15528,6757,8771,5925,1297,4628,9603,5460,4143
C2308,34,000,State - PUDUCHERRY,Urban,75-79,9185,3889,5296,3681,804,2877,5504,3085,2419
C2308,34,000,State - PUDUCHERRY,Urban,80+,9358,3665,5693,4298,909,3389,5060,2756,2304
C2308,34,000,State - PUDUCHERRY,Urban,Age not stated,603,302,301,148,52,96,455,250,205
C2308,35,000,State - ANDAMAN & NICOBAR ISLANDS,Total,All ages,380581,202871,177710,86300,38494,47806,294281,164377,129904
C2308,35,000,State - ANDAMAN & NICOBAR ISLANDS,Total,0-6,40878,20770,20108,40878,20770,20108,0,0,0
C2308,35,000,State - ANDAMAN & NICOBAR ISLANDS,Total,7,6218,3208,3010,1026,545,481,5192,2663,2529
C2308,35,000,State - ANDAMAN & NICOBAR ISLANDS,Total,8,5940,3072,2868,304,158,146,5636,2914,2722
C2308,35,000,State - ANDAMAN & NICOBAR ISLANDS,Total,9,6172,3103,3069,289,136,153,5883,2967,2916
C2308,35,000,State - ANDAMAN & NICOBAR ISLANDS,Total,10,7051,3608,3443,282,154,128,6769,3454,3315
C2308,35,000,State - ANDAMAN & NICOBAR ISLANDS,Total,11,6929,3506,3423,188,107,81,6741,3399,3342
C2308,35,000,State - ANDAMAN & NICOBAR ISLANDS,Total,12,6474,3261,3213,83,35,48,6391,3226,3165
C2308,35,000,State - ANDAMAN & NICOBAR ISLANDS,Total,13,6497,3367,3130,83,38,45,6414,3329,3085
C2308,35,000,State - ANDAMAN & NICOBAR ISLANDS,Total,14,6516,3376,3140,88,44,44,6428,3332,3096
C2308,35,000,State - ANDAMAN & NICOBAR ISLANDS,Total,15,6728,3480,3248,115,54,61,6613,3426,3187
C2308,35,000,State - ANDAMAN & NICOBAR ISLANDS,Total,16,6499,3397,3102,97,48,49,6402,3349,3053
C2308,35,000,State - ANDAMAN & NICOBAR ISLANDS,Total,17,6407,3400,3007,108,45,63,6299,3355,2944
C2308,35,000,State - ANDAMAN & NICOBAR ISLANDS,Total,18,6870,3587,3283,182,89,93,6688,3498,3190
C2308,35,000,State - ANDAMAN & NICOBAR ISLANDS,Total,19,6522,3402,3120,190,108,82,6332,3294,3038
C2308,35,000,State - ANDAMAN & NICOBAR ISLANDS,Total,20-24,37115,19528,17587,1650,735,915,35465,18793,16672
C2308,35,000,State - ANDAMAN & NICOBAR ISLANDS,Total,25-29,41722,22230,19492,2619,1051,1568,39103,21179,17924
C2308,35,000,State - ANDAMAN & NICOBAR ISLANDS,Total,30-34,35723,19359,16364,2817,1112,1705,32906,18247,14659
C2308,35,000,State - ANDAMAN & NICOBAR ISLANDS,Total,35-39,32842,17170,15672,4081,1445,2636,28761,15725,13036
C2308,35,000,State - ANDAMAN & NICOBAR ISLANDS,Total,40-44,26735,14813,11922,4851,1812,3039,21884,13001,8883
C2308,35,000,State - ANDAMAN & NICOBAR ISLANDS,Total,45-49,23861,13270,10591,5565,2040,3525,18296,11230,7066
C2308,35,000,State - ANDAMAN & NICOBAR ISLANDS,Total,50-54,17296,9710,7586,4784,1790,2994,12512,7920,4592
C2308,35,000,State - ANDAMAN & NICOBAR ISLANDS,Total,55-59,13794,7870,5924,4372,1664,2708,9422,6206,3216
C2308,35,000,State - ANDAMAN & NICOBAR ISLANDS,Total,60-64,10376,5807,4569,4257,1629,2628,6119,4178,1941
C2308,35,000,State - ANDAMAN & NICOBAR ISLANDS,Total,65-69,6226,3430,2796,2825,1091,1734,3401,2339,1062
C2308,35,000,State - ANDAMAN & NICOBAR ISLANDS,Total,70-74,4098,2378,1720,1998,805,1193,2100,1573,527
C2308,35,000,State - ANDAMAN & NICOBAR ISLANDS,Total,75-79,2251,1295,956,1114,456,658,1137,839,298
C2308,35,000,State - ANDAMAN & NICOBAR ISLANDS,Total,80+,2473,1279,1194,1380,507,873,1093,772,321
C2308,35,000,State - ANDAMAN & NICOBAR ISLANDS,Total,Age not stated,368,195,173,74,26,48,294,169,125
C2308,35,000,State - ANDAMAN & NICOBAR ISLANDS,Rural,All ages,237093,126287,110806,59068,26327,32741,178025,99960,78065
C2308,35,000,State - ANDAMAN & NICOBAR ISLANDS,Rural,0-6,26415,13370,13045,26415,13370,13045,0,0,0
C2308,35,000,State - ANDAMAN & NICOBAR ISLANDS,Rural,7,3919,2061,1858,770,411,359,3149,1650,1499
C2308,35,000,State - ANDAMAN & NICOBAR ISLANDS,Rural,8,3723,1938,1785,233,124,109,3490,1814,1676
C2308,35,000,State - ANDAMAN & NICOBAR ISLANDS,Rural,9,3883,1949,1934,209,99,110,3674,1850,1824
C2308,35,000,State - ANDAMAN & NICOBAR ISLANDS,Rural,10,4436,2271,2165,193,99,94,4243,2172,2071
C2308,35,000,State - ANDAMAN & NICOBAR ISLANDS,Rural,11,4374,2164,2210,141,80,61,4233,2084,2149
C2308,35,000,State - ANDAMAN & NICOBAR ISLANDS,Rural,12,4096,2034,2062,61,27,34,4035,2007,2028
C2308,35,000,State - ANDAMAN & NICOBAR ISLANDS,Rural,13,4171,2115,2056,57,24,33,4114,2091,2023
C2308,35,000,State - ANDAMAN & NICOBAR ISLANDS,Rural,14,4149,2147,2002,62,32,30,4087,2115,1972
C2308,35,000,State - ANDAMAN & NICOBAR ISLANDS,Rural,15,4169,2176,1993,77,40,37,4092,2136,1956
C2308,35,000,State - ANDAMAN & NICOBAR ISLANDS,Rural,16,4010,2105,1905,68,30,38,3942,2075,1867
C2308,35,000,State - ANDAMAN & NICOBAR ISLANDS,Rural,17,3929,2074,1855,83,31,52,3846,2043,1803
C2308,35,000,State - ANDAMAN & NICOBAR ISLANDS,Rural,18,4282,2228,2054,117,53,64,4165,2175,1990
C2308,35,000,State - ANDAMAN & NICOBAR ISLANDS,Rural,19,3979,2061,1918,115,64,51,3864,1997,1867
C2308,35,000,State - ANDAMAN & NICOBAR ISLANDS,Rural,20-24,22540,11654,10886,1127,487,640,21413,11167,10246
C2308,35,000,State - ANDAMAN & NICOBAR ISLANDS,Rural,25-29,25558,13675,11883,1744,682,1062,23814,12993,10821
C2308,35,000,State - ANDAMAN & NICOBAR ISLANDS,Rural,30-34,21811,11945,9866,1861,735,1126,19950,11210,8740
C2308,35,000,State - ANDAMAN & NICOBAR ISLANDS,Rural,35-39,19802,10424,9378,2687,962,1725,17115,9462,7653
C2308,35,000,State - ANDAMAN & NICOBAR ISLANDS,Rural,40-44,15959,8921,7038,3350,1275,2075,12609,7646,4963
C2308,35,000,State - ANDAMAN & NICOBAR ISLANDS,Rural,45-49,14432,7991,6441,3921,1475,2446,10511,6516,3995
C2308,35,000,State - ANDAMAN & NICOBAR ISLANDS,Rural,50-54,10675,5987,4688,3455,1327,2128,7220,4660,2560
C2308,35,000,State - ANDAMAN & NICOBAR ISLANDS,Rural,55-59,8662,4889,3773,3212,1267,1945,5450,3622,1828
C2308,35,000,State - ANDAMAN & NICOBAR ISLANDS,Rural,60-64,7102,3899,3203,3258,1242,2016,3844,2657,1187
C2308,35,000,State - ANDAMAN & NICOBAR ISLANDS,Rural,65-69,4469,2477,1992,2239,896,1343,2230,1581,649
C2308,35,000,State - ANDAMAN & NICOBAR ISLANDS,Rural,70-74,2905,1687,1218,1579,665,914,1326,1022,304
C2308,35,000,State - ANDAMAN & NICOBAR ISLANDS,Rural,75-79,1606,952,654,880,376,504,726,576,150
C2308,35,000,State - ANDAMAN & NICOBAR ISLANDS,Rural,80+,1857,992,865,1116,439,677,741,553,188
C2308,35,000,State - ANDAMAN & NICOBAR ISLANDS,Rural,Age not stated,180,101,79,38,15,23,142,86,56
C2308,35,000,State - ANDAMAN & NICOBAR ISLANDS,Urban,All ages,143488,76584,66904,27232,12167,15065,116256,64417,51839
C2308,35,000,State - ANDAMAN & NICOBAR ISLANDS,Urban,0-6,14463,7400,7063,14463,7400,7063,0,0,0
C2308,35,000,State - ANDAMAN & NICOBAR ISLANDS,Urban,7,2299,1147,1152,256,134,122,2043,1013,1030
C2308,35,000,State - ANDAMAN & NICOBAR ISLANDS,Urban,8,2217,1134,1083,71,34,37,2146,1100,1046
C2308,35,000,State - ANDAMAN & NICOBAR ISLANDS,Urban,9,2289,1154,1135,80,37,43,2209,1117,1092
C2308,35,000,State - ANDAMAN & NICOBAR ISLANDS,Urban,10,2615,1337,1278,89,55,34,2526,1282,1244
C2308,35,000,State - ANDAMAN & NICOBAR ISLANDS,Urban,11,2555,1342,1213,47,27,20,2508,1315,1193
C2308,35,000,State - ANDAMAN & NICOBAR ISLANDS,Urban,12,2378,1227,1151,22,8,14,2356,1219,1137
C2308,35,000,State - ANDAMAN & NICOBAR ISLANDS,Urban,13,2326,1252,1074,26,14,12,2300,1238,1062
C2308,35,000,State - ANDAMAN & NICOBAR ISLANDS,Urban,14,2367,1229,1138,26,12,14,2341,1217,1124
C2308,35,000,State - ANDAMAN & NICOBAR ISLANDS,Urban,15,2559,1304,1255,38,14,24,2521,1290,1231
C2308,35,000,State - ANDAMAN & NICOBAR ISLANDS,Urban,16,2489,1292,1197,29,18,11,2460,1274,1186
C2308,35,000,State - ANDAMAN & NICOBAR ISLANDS,Urban,17,2478,1326,1152,25,14,11,2453,1312,1141
C2308,35,000,State - ANDAMAN & NICOBAR ISLANDS,Urban,18,2588,1359,1229,65,36,29,2523,1323,1200
C2308,35,000,State - ANDAMAN & NICOBAR ISLANDS,Urban,19,2543,1341,1202,75,44,31,2468,1297,1171
C2308,35,000,State - ANDAMAN & NICOBAR ISLANDS,Urban,20-24,14575,7874,6701,523,248,275,14052,7626,6426
C2308,35,000,State - ANDAMAN & NICOBAR ISLANDS,Urban,25-29,16164,8555,7609,875,369,506,15289,8186,7103
C2308,35,000,State - ANDAMAN & NICOBAR ISLANDS,Urban,30-34,13912,7414,6498,956,377,579,12956,7037,5919
C2308,35,000,State - ANDAMAN & NICOBAR ISLANDS,Urban,35-39,13040,6746,6294,1394,483,911,11646,6263,5383
C2308,35,000,State - ANDAMAN & NICOBAR ISLANDS,Urban,40-44,10776,5892,4884,1501,537,964,9275,5355,3920
C2308,35,000,State - ANDAMAN & NICOBAR ISLANDS,Urban,45-49,9429,5279,4150,1644,565,1079,7785,4714,3071
C2308,35,000,State - ANDAMAN & NICOBAR ISLANDS,Urban,50-54,6621,3723,2898,1329,463,866,5292,3260,2032
C2308,35,000,State - ANDAMAN & NICOBAR ISLANDS,Urban,55-59,5132,2981,2151,1160,397,763,3972,2584,1388
C2308,35,000,State - ANDAMAN & NICOBAR ISLANDS,Urban,60-64,3274,1908,1366,999,387,612,2275,1521,754
C2308,35,000,State - ANDAMAN & NICOBAR ISLANDS,Urban,65-69,1757,953,804,586,195,391,1171,758,413
C2308,35,000,State - ANDAMAN & NICOBAR ISLANDS,Urban,70-74,1193,691,502,419,140,279,774,551,223
C2308,35,000,State - ANDAMAN & NICOBAR ISLANDS,Urban,75-79,645,343,302,234,80,154,411,263,148
C2308,35,000,State - ANDAMAN & NICOBAR ISLANDS,Urban,80+,616,287,329,264,68,196,352,219,133
C2308,35,000,State - ANDAMAN & NICOBAR ISLANDS,Urban,Age not stated,188,94,94,36,11,25,152,83,69
